1.000000000 0.000000000 0.000000000 0.000000000 0.000000000 1.000000000 0.000000000 0.000000000 0.000000000 0.000000000 1.000000000 0.000000000
0.999991357 -0.002452574 -0.003349269 -0.003001457 0.002445192 0.999994576 -0.002206193 -0.005211884 0.003354661 0.002197985 0.999991953 0.666492879
0.999971986 -0.001369737 -0.007360424 -0.013816450 0.001343083 0.999992549 -0.003624986 -0.010092575 0.007365333 0.003614999 0.999966323 1.363672018
0.999938667 -0.001045760 -0.011017784 -0.033406604 0.000990550 0.999986887 -0.005015284 -0.012470350 0.011022885 0.005004062 0.999926746 2.064140320
0.999874175 0.000279332 -0.015855100 -0.054169215 -0.000370567 0.999983430 -0.005751606 -0.014971520 0.015853230 0.005756758 0.999857783 2.790945530
0.999796450 -0.000565369 -0.020167466 -0.071633495 0.000449926 0.999983490 -0.005728283 -0.028928114 0.020170372 0.005718044 0.999780178 3.538800240
0.999696016 0.001200040 -0.024625281 -0.096878871 -0.001374321 0.999974132 -0.007061610 -0.032800715 0.024616169 0.007093307 0.999671757 4.291691780
0.999562144 0.003934627 -0.029325822 -0.128848195 -0.004160251 0.999962211 -0.007636642 -0.043428130 0.029294662 0.007755301 0.999540746 5.054152489
0.999425113 0.003987574 -0.033667378 -0.160845831 -0.004190217 0.999973536 -0.005950537 -0.051412206 0.033642765 0.006088189 0.999415398 5.843089581
0.999262393 0.003416128 -0.038247596 -0.194675326 -0.003546968 0.999988139 -0.003353534 -0.057638735 0.038235687 0.003486724 0.999262691 6.644993782
0.999143839 0.003008536 -0.041260622 -0.237755001 -0.003035629 0.999995172 -0.000594001 -0.065211527 0.041258641 0.000718744 0.999148250 7.447627068
0.999025941 0.004333890 -0.043912351 -0.278838187 -0.004400539 0.999989331 -0.001421238 -0.074218765 0.043905724 0.001613092 0.999034405 8.260551453
0.998936534 0.003904563 -0.045941070 -0.325016916 -0.003981392 0.999990880 -0.001580986 -0.079747163 0.045934476 0.001762215 0.998942971 9.080625534
0.998861492 0.001249356 -0.047687691 -0.366315782 -0.001362197 0.999996364 -0.002333834 -0.085341074 0.047684602 0.002396137 0.998859644 9.910426140
0.998753130 0.000706580 -0.049916193 -0.406231761 -0.000769213 0.999998927 -0.001235568 -0.096920870 0.049915273 0.001272424 0.998752654 10.745852470
0.998672724 -0.000943989 -0.051496543 -0.451814651 0.000865519 0.999998510 -0.001546080 -0.104572654 0.051497925 0.001499456 0.998671949 11.597600937
0.998579860 0.001330386 -0.053259082 -0.505127609 -0.001532816 0.999991715 -0.003760187 -0.114289686 0.053253643 0.003836483 0.998573601 12.455687523
0.998512387 0.001891490 -0.054490943 -0.557464659 -0.002249157 0.999976337 -0.006503218 -0.123632953 0.054477356 0.006616103 0.998493075 13.319645882
0.998412132 0.005611578 -0.056048386 -0.617287338 -0.006065725 0.999950111 -0.007935942 -0.138506249 0.056001052 0.008263316 0.998396575 14.192671776
0.998332083 0.006881420 -0.057319917 -0.669645429 -0.007329325 0.999944150 -0.007607537 -0.149346054 0.057264365 0.008014964 0.998326898 15.076339722
0.998251677 0.005897730 -0.058810871 -0.724414706 -0.006272824 0.999961078 -0.006195380 -0.161398441 0.058772046 0.006553458 0.998249888 15.971919060
0.998189151 0.006845817 -0.059763167 -0.788213670 -0.007125868 0.999964595 -0.004474148 -0.174898654 0.059730414 0.004891911 0.998202622 16.865846634
0.998127818 0.006235030 -0.060843464 -0.841865122 -0.006520690 0.999968588 -0.004497588 -0.189819068 0.060813505 0.004885909 0.998137176 17.758514404
0.998027325 0.006070538 -0.062488653 -0.901656985 -0.006416736 0.999965131 -0.005340989 -0.201140210 0.062454049 0.005731425 0.998031437 18.665672302
0.997964621 0.004512713 -0.063608989 -0.961110651 -0.004897619 0.999970615 -0.005896498 -0.216173664 0.063580506 0.006196030 0.997957468 19.585565567
0.997933269 0.004608298 -0.064093336 -1.022413969 -0.004885357 0.999979317 -0.004166678 -0.229901195 0.064072818 0.004471184 0.997935236 20.492509842
0.997908473 0.005705690 -0.064389817 -1.085686326 -0.005776730 0.999982834 -0.000917154 -0.238038167 0.064383484 0.001287197 0.997924507 21.414953232
0.997981608 0.006546634 -0.063164108 -1.153288364 -0.006356667 0.999974668 0.003208011 -0.253248036 0.063183516 -0.002800025 0.997997999 22.346534729
0.998082638 0.004750684 -0.061712783 -1.205347061 -0.004389520 0.999972463 0.005986612 -0.259561360 0.061739516 -0.005704246 0.998076022 23.276296616
0.998181880 0.004947541 -0.060070913 -1.267766953 -0.004562109 0.999968171 0.006551740 -0.260662317 0.060101409 -0.006265778 0.998172641 24.217252731
0.998266339 0.005391172 -0.058612026 -1.326263428 -0.005189015 0.999980032 0.003600729 -0.266522050 0.058630269 -0.003290348 0.998274326 25.152160645
0.998317301 0.006347833 -0.057638675 -1.385946512 -0.006404215 0.999979198 -0.000793537 -0.280378014 0.057632439 0.001161332 0.998337209 26.095550537
0.998408973 0.005334278 -0.056135319 -1.447200298 -0.005543713 0.999978304 -0.003575856 -0.288810909 0.056115028 0.003881365 0.998416781 27.041055679
0.998456538 0.003277422 -0.055442128 -1.504004359 -0.003420034 0.999991119 -0.002477590 -0.299403369 0.055433519 0.002663380 0.998458862 28.007795334
0.998433232 0.001312278 -0.055940893 -1.550461769 -0.001184129 0.999996543 0.002323878 -0.307834029 0.055943765 -0.002253996 0.998431385 28.981777191
0.998382390 -0.002397957 -0.056805830 -1.606191158 0.002714816 0.999981165 0.005501395 -0.314208388 0.056791574 -0.005646713 0.998370111 29.954458237
0.998281121 -0.009952743 -0.057755679 -1.652492881 0.010266842 0.999934077 0.005144223 -0.323113382 0.057700675 -0.005728349 0.998317420 30.916028976
0.998157382 -0.012745670 -0.059324685 -1.705402851 0.012853055 0.999916375 0.001428857 -0.328015238 0.059301514 -0.002188728 0.998237669 31.899133682
0.998092651 -0.012189967 -0.060517829 -1.767575502 0.012055496 0.999923944 -0.002586667 -0.337403059 0.060544759 0.001852161 0.998163760 32.860527039
0.997986257 -0.010745184 -0.062512010 -1.836601257 0.010554837 0.999938607 -0.003374395 -0.345346242 0.062544428 0.002707796 0.998038471 33.843143463
0.997928977 -0.011139279 -0.063353121 -1.897627592 0.011036552 0.999937117 -0.001971251 -0.356358111 0.063371085 0.001267968 0.997989237 34.828365326
0.997870326 -0.007976997 -0.064739577 -1.966434240 0.008049427 0.999967217 0.000858034 -0.369108260 0.064730607 -0.001377323 0.997901857 35.826316833
0.997803628 -0.007872306 -0.065771073 -2.035382271 0.008033044 0.999965489 0.002179793 -0.381026566 0.065751649 -0.002703347 0.997832298 36.807739258
0.997763753 -0.006470609 -0.066524960 -2.108614683 0.006799822 0.999965787 0.004723454 -0.390815020 0.066492125 -0.005165248 0.997773588 37.774715424
0.997765958 -0.006701296 -0.066468626 -2.175656796 0.007229960 0.999944091 0.007716229 -0.396322727 0.066413194 -0.008179555 0.997758687 38.787532806
0.997746050 -0.000788774 -0.067097932 -2.252350330 0.001436691 0.999952853 0.009608599 -0.393485457 0.067087181 -0.009683342 0.997700095 39.775573730
0.997738838 -0.000884986 -0.067204647 -2.326106071 0.001515928 0.999955356 0.009337958 -0.402326614 0.067193389 -0.009418722 0.997695446 40.772720337
0.997744143 -0.000957584 -0.067125618 -2.399433374 0.001474654 0.999969661 0.007653890 -0.403348505 0.067116253 -0.007735609 0.997715175 41.769931793
0.997733176 0.001355727 -0.067280330 -2.473774910 -0.000997318 0.999985158 0.005360389 -0.410646290 0.067286603 -0.005281137 0.997719705 42.771198273
0.997677088 0.001279163 -0.068108819 -2.535655022 -0.000925159 0.999985874 0.005228917 -0.413124442 0.068114564 -0.005153759 0.997664213 43.732135773
0.997597575 -0.000440682 -0.069273375 -2.606484890 0.000889124 0.999978840 0.006442813 -0.421473593 0.069269069 -0.006488929 0.997576892 44.715480804
0.997549832 0.000376071 -0.069958694 -2.680428982 0.000148864 0.999971807 0.007498133 -0.432348758 0.069959536 -0.007490177 0.997521698 45.683715820
0.997514486 0.001888571 -0.070436068 -2.743960857 -0.001594535 0.999989748 0.004230505 -0.440315753 0.070443340 -0.004107677 0.997507334 46.662223816
0.997438908 0.002324632 -0.071486689 -2.819638014 -0.002327308 0.999997258 0.000045870 -0.447394103 0.071486607 0.000120620 0.997441530 47.625652313
0.997397363 0.003652142 -0.072007611 -2.897330284 -0.003767480 0.999991834 -0.001465977 -0.451827139 0.072001666 0.001733449 0.997403026 48.584892273
0.997397125 0.001630050 -0.072085500 -2.965305090 -0.001450965 0.999995828 0.002536639 -0.470216632 0.072089322 -0.002425443 0.997395158 49.561267853
0.997379720 -0.000276890 -0.072344184 -3.035248756 0.000676220 0.999984741 0.005495436 -0.478558660 0.072341561 -0.005529957 0.997364581 50.532775879
0.997364998 -0.001684917 -0.072527900 -3.109065056 0.002136351 0.999978721 0.006147163 -0.491599530 0.072516009 -0.006285910 0.997347414 51.492794037
0.997334063 -0.005087205 -0.072793454 -3.172748566 0.005464926 0.999972582 0.004990709 -0.497341752 0.072766066 -0.005375214 0.997334540 52.443611145
0.997303247 -0.007776723 -0.072978362 -3.244609833 0.008081754 0.999959826 0.003885378 -0.508471668 0.072945207 -0.004464694 0.997325897 53.397499084
0.997228026 -0.009477719 -0.073798783 -3.318797588 0.009882366 0.999938011 0.005119890 -0.516680300 0.073745675 -0.005835004 0.997259974 54.350952148
0.997067630 -0.012917281 -0.075427525 -3.376600742 0.013635613 0.999866307 0.009016257 -0.519739628 0.075300992 -0.010018318 0.997110486 55.297584534
0.997050941 -0.013374491 -0.075568706 -3.455749989 0.014437896 0.999804020 0.013543276 -0.519668341 0.075372770 -0.014594389 0.997048557 56.240318298
0.997030556 -0.011358795 -0.076163992 -3.536376476 0.012606997 0.999793649 0.015927605 -0.521907151 0.075967357 -0.016840510 0.996968150 57.174594879
0.996877968 -0.010997675 -0.078188278 -3.601763725 0.011968218 0.999856830 0.011955113 -0.523095787 0.078045622 -0.012853563 0.996866941 58.135368347
0.996820927 -0.008987775 -0.079167686 -3.682693005 0.009366276 0.999946415 0.004410944 -0.530660093 0.079123810 -0.005138427 0.996851563 59.041938782
0.996769965 -0.006748705 -0.080025934 -3.762497902 0.006720710 0.999977291 -0.000619160 -0.536244035 0.080028296 0.000079329 0.996792674 59.952175140
0.996696770 -0.002260284 -0.081181496 -3.840682507 0.002292303 0.999997437 0.000301225 -0.546938956 0.081180602 -0.000486322 0.996699393 60.853240967
0.996624827 0.000194833 -0.082090870 -3.927304745 0.000035313 0.999996066 0.002802091 -0.561579883 0.082091093 -0.002795533 0.996620893 61.755867004
0.996527970 0.002923219 -0.083207399 -4.005049229 -0.002593515 0.999988377 0.004070247 -0.571484089 0.083218329 -0.003840315 0.996523917 62.641025543
0.996409178 0.003627115 -0.084590942 -4.077326298 -0.003281708 0.999985695 0.004221953 -0.587341428 0.084605061 -0.003929189 0.996406794 63.520729065
0.996301889 0.005148283 -0.085767329 -4.166782379 -0.004734664 0.999976158 0.005025279 -0.594891906 0.085791156 -0.004600616 0.996302545 64.379554749
0.996173799 0.006040071 -0.087185189 -4.244763851 -0.005556853 0.999967754 0.005784063 -0.606774688 0.087217309 -0.005277456 0.996175349 65.223709106
0.996050060 0.005714524 -0.088609204 -4.318576813 -0.005196033 0.999967933 0.006081008 -0.615548849 0.088641137 -0.005596573 0.996047914 66.039772034
0.995969772 0.005843313 -0.089498580 -4.395344734 -0.005237691 0.999961734 0.007000200 -0.621566892 0.089536071 -0.006503223 0.995962381 66.844932556
0.995798707 0.008307329 -0.091190882 -4.473799706 -0.007448244 0.999924600 0.009757037 -0.627032578 0.091265053 -0.009036832 0.995785773 67.651855469
0.995678604 0.009973134 -0.092329070 -4.550957680 -0.008711600 0.999863267 0.014056422 -0.633408844 0.092456639 -0.013191344 0.995629370 68.431877136
0.995482504 0.012759468 -0.094083406 -4.628607273 -0.011314178 0.999809861 0.015879272 -0.635973454 0.094268143 -0.014743061 0.995437682 69.203857422
0.995324671 0.015810464 -0.095282473 -4.716988564 -0.014778487 0.999824286 0.011526712 -0.643997550 0.095447987 -0.010064689 0.995383561 69.965843201
0.995173275 0.015575042 -0.096889444 -4.787726879 -0.015237224 0.999875009 0.004225625 -0.650208831 0.096943140 -0.002728902 0.995286167 70.689086914
0.995045543 0.014993709 -0.098282501 -4.861417770 -0.015214223 0.999883235 -0.001494577 -0.659811199 0.098248616 0.002982464 0.995157421 71.399833679
0.994997978 0.015421228 -0.098696932 -4.936040878 -0.015782256 0.999871254 -0.002878216 -0.664200425 0.098639838 0.004421480 0.995113373 72.090362549
0.994890690 0.018249039 -0.099294715 -5.015119076 -0.018251183 0.999832988 0.000886885 -0.676385164 0.099294312 0.000929892 0.995057642 72.769096375
0.994742990 0.018772826 -0.100667484 -5.086683273 -0.018552732 0.999822974 0.003122212 -0.692977726 0.100708269 -0.001238142 0.994915247 73.419349670
0.994715869 0.015433422 -0.101499796 -5.152120590 -0.015549969 0.999878943 -0.000357093 -0.700506449 0.101482004 0.001933525 0.994835436 74.048194885
0.994797170 0.007255081 -0.101616412 -5.203609943 -0.007832473 0.999955297 -0.005284231 -0.717581809 0.101573527 0.006052646 0.994809568 74.668479919
0.994909823 0.003367503 -0.100713320 -5.257047653 -0.004418237 0.999938011 -0.010211673 -0.724308372 0.100672700 0.010604667 0.994863033 75.268470764
0.995190561 0.005590043 -0.097798117 -5.314024925 -0.006629013 0.999924898 -0.010301912 -0.738913655 0.097733200 0.010900670 0.995153010 75.853683472
0.995560527 0.010618657 -0.093522348 -5.379372120 -0.011358274 0.999908209 -0.007379689 -0.751903415 0.093435422 0.008409181 0.995589852 76.417495728
0.996006906 0.009142687 -0.088807672 -5.431269646 -0.009551634 0.999945641 -0.004180957 -0.762212098 0.088764623 0.005012519 0.996040046 76.976219177
0.996515751 0.005490400 -0.083223268 -5.465221882 -0.005534859 0.999984622 -0.000303508 -0.768448055 0.083220340 0.000763080 0.996530950 77.518692017
0.997196555 0.001090361 -0.074817680 -5.496741772 -0.000836682 0.999993801 0.003421921 -0.787135839 0.074820936 -0.003349731 0.997191370 78.046958923
0.997919261 0.004694835 -0.064303644 -5.527727604 -0.004486016 0.999984205 0.003391391 -0.796233058 0.064318545 -0.003095867 0.997924745 78.567733765
0.998750627 0.009839655 -0.048993513 -5.558657169 -0.009713225 0.999948859 0.002817974 -0.801095963 0.049018733 -0.002338568 0.998795152 79.074768066
0.999406397 0.015024113 -0.031000860 -5.571247101 -0.014928874 0.999883175 0.003301318 -0.805133700 0.031046823 -0.002836550 0.999513865 79.573478699
0.999872208 0.013320182 -0.008839641 -5.559502602 -0.013285074 0.999903679 0.004018634 -0.814133644 0.008892316 -0.003900685 0.999952972 80.047401428
0.999798894 0.010088502 0.017332625 -5.530950546 -0.010176909 0.999935627 0.005020075 -0.821211100 -0.017280867 -0.005195457 0.999837160 80.505966187
0.998870015 0.008922433 0.046680965 -5.484844208 -0.009237901 0.999935925 0.006546559 -0.828308821 -0.046619561 -0.006970395 0.998888373 80.962013245
0.996749878 0.008560776 0.080102012 -5.433410168 -0.009253632 0.999922931 0.008282460 -0.837836087 -0.080024920 -0.008996774 0.996752203 81.412406921
0.993041277 0.008599219 0.117452055 -5.353157043 -0.009662889 0.999917209 0.008489752 -0.838475525 -0.117369324 -0.009565599 0.993042231 81.852401733
0.987188160 0.008557790 0.159330875 -5.269783020 -0.010069439 0.999911606 0.008682554 -0.845225930 -0.159242496 -0.010175690 0.987186968 82.262672424
0.978862703 0.008182773 0.204354852 -5.153371811 -0.010132956 0.999912560 0.008498532 -0.849021614 -0.204267427 -0.010389617 0.978859961 82.676254272
0.967322230 0.010323039 0.253340125 -5.018810272 -0.012336578 0.999903679 0.006360628 -0.855662048 -0.253250033 -0.009278128 0.967356324 83.081665039
0.951754093 0.011486606 0.306646824 -4.867565155 -0.013303290 0.999904156 0.003834889 -0.864943743 -0.306573331 -0.007729283 0.951815605 83.464607239
0.931897044 0.011996700 0.362524748 -4.688203812 -0.013389670 0.999909461 0.001330053 -0.865762234 -0.362475932 -0.006093559 0.931973100 83.834243774
0.907629967 0.011884307 0.419603169 -4.495313644 -0.013142714 0.999913573 0.000108290 -0.878211439 -0.419565618 -0.005613012 0.907707572 84.170532227
0.878335118 0.012620911 0.477878630 -4.287242889 -0.013261531 0.999909997 -0.002033373 -0.882909477 -0.477861255 -0.004551420 0.878423512 84.484428406
0.844706595 0.011545525 0.535104990 -4.045715332 -0.011032368 0.999930501 -0.004159199 -0.888341069 -0.535115838 -0.002390172 0.844775379 84.787300110
0.807678103 0.011011038 0.589520752 -3.783786774 -0.009748552 0.999938309 -0.005320704 -0.897806883 -0.589542985 -0.001449559 0.807735682 85.076446533
0.768157363 0.009854298 0.640185237 -3.503261566 -0.008755304 0.999949694 -0.004886637 -0.902975798 -0.640201271 -0.001851311 0.768204987 85.337074280
0.725495279 0.009804102 0.688157320 -3.209877014 -0.010225752 0.999941707 -0.003465482 -0.902977109 -0.688151240 -0.004522734 0.725553215 85.583511353
0.680640578 0.008683931 0.732565999 -2.907466888 -0.009069278 0.999953032 -0.003427139 -0.908869147 -0.732561350 -0.004311196 0.680687308 85.799850464
0.634879708 0.006710428 0.772581935 -2.575992584 -0.005487135 0.999976277 -0.004176387 -0.921549141 -0.772591591 -0.001587759 0.634901404 85.998779297
0.587782383 0.003981237 0.809009314 -2.242534637 0.001011718 0.999983549 -0.005656105 -0.921826959 -0.809018493 0.004143047 0.587768614 86.187156677
0.541949749 0.005811699 0.840390801 -1.903266907 -0.001681576 0.999981582 -0.005830931 -0.936940074 -0.840409219 0.001746891 0.541949570 86.344573975
0.495304495 0.008798128 0.868674874 -1.562808990 -0.005244589 0.999960780 -0.007137439 -0.942720890 -0.868703604 -0.001020637 0.495331317 86.495361328
0.449777395 0.010713685 0.893076479 -1.219173431 -0.005780756 0.999942005 -0.009084342 -0.952154279 -0.893122017 -0.001076726 0.449813306 86.630455017
0.407185882 0.009037126 0.913300574 -0.865531921 0.001293109 0.999944389 -0.010470986 -0.948919296 -0.913344502 0.005444635 0.407151520 86.742744446
0.367087483 0.000552231 0.930186212 -0.500715256 0.016067060 0.999846876 -0.006934269 -0.963999748 -0.930047572 0.017490841 0.367022485 86.839393616
0.331492513 -0.002429147 0.943454623 -0.129537582 0.019944442 0.999791265 -0.004433484 -0.962446690 -0.943247020 0.020286344 0.331471771 86.933769226
0.298277169 0.001561053 0.954478025 0.243009567 0.017610952 0.999819458 -0.007138682 -0.967730224 -0.954316795 0.018938573 0.298195779 87.036849976
0.267291546 0.009246835 0.963571370 0.611576080 0.006623647 0.999912739 -0.011432962 -0.982508361 -0.963592887 0.009438295 0.267206997 87.134696960
0.238901377 0.013334887 0.970952332 0.991743088 0.001483993 0.999899566 -0.014097577 -1.001845479 -0.971042633 0.004808818 0.238857582 87.218109131
0.213302583 0.015054625 0.976870179 1.383806229 0.002903062 0.999867082 -0.016042925 -1.014874816 -0.976981878 0.006257912 0.213230550 87.282127380
0.189477623 0.016513398 0.981746197 1.797397614 0.010464964 0.999767840 -0.018836275 -1.024804354 -0.981829286 0.013842992 0.189260840 87.343254089
0.169648588 0.022802284 0.985240817 2.206523895 0.016705073 0.999522090 -0.026009256 -1.022240043 -0.985363126 0.020870952 0.169186547 87.383087158
0.149749473 0.030079853 0.988266408 2.626172066 0.018324183 0.999280989 -0.033191722 -1.020208597 -0.988554120 0.023079613 0.149090603 87.433235168
0.132228583 0.030508246 0.990749598 3.067704201 0.016592842 0.999318063 -0.032986626 -1.033791780 -0.991080403 0.020801127 0.131632194 87.487777710
0.117086202 0.026514705 0.992767751 3.525708199 0.014390633 0.999493301 -0.028391551 -1.052256107 -0.993017495 0.017610816 0.116645291 87.531806946
0.102443345 0.022860985 0.994476080 3.986276627 0.015008929 0.999586523 -0.024524570 -1.073618650 -0.994625747 0.017438401 0.102057859 87.574974060
0.089293733 0.020448480 0.995795369 4.465383053 0.017698029 0.999598920 -0.022113578 -1.086988091 -0.995848119 0.019598220 0.088895999 87.603851318
0.077584170 0.019458152 0.996795952 4.960667610 0.021212339 0.999550998 -0.021162966 -1.103808880 -0.996760130 0.022786284 0.077136576 87.630691528
0.067281470 0.020276202 0.997527957 5.478710651 0.023810236 0.999476016 -0.021921759 -1.119346738 -0.997449934 0.025226308 0.066763438 87.661483765
0.059653100 0.020838179 0.998001575 6.002830029 0.026781201 0.999388754 -0.022467926 -1.130284071 -0.997859836 0.028067963 0.059058566 87.683021545
0.054172643 0.021086257 0.998308957 6.551751137 0.028475901 0.999337852 -0.022653216 -1.145376563 -0.998125553 0.029654929 0.053536315 87.707199097
0.048447087 0.022164058 0.998579741 7.116192818 0.029774029 0.999277472 -0.023624059 -1.161636949 -0.998381853 0.030876260 0.047752175 87.732917786
0.042646561 0.022859072 0.998828828 7.698700905 0.030367536 0.999246597 -0.024165234 -1.176502705 -0.998628616 0.031362530 0.041920271 87.751922607
0.038056765 0.022760132 0.999016345 8.302105904 0.032894954 0.999170125 -0.024016749 -1.193659782 -0.998733938 0.033776600 0.037276495 87.771774292
0.035222854 0.022862837 0.999117911 8.923572540 0.034283467 0.999122143 -0.024071565 -1.211325884 -0.998791218 0.035101097 0.034408122 87.789299011
0.032236401 0.022271460 0.999232113 9.562501907 0.035453163 0.999096990 -0.023412213 -1.230475307 -0.998851359 0.036180664 0.031417701 87.805908203
0.029812805 0.021606829 0.999321878 10.217783928 0.037382901 0.999042809 -0.022716040 -1.248541355 -0.998856187 0.038034774 0.028976541 87.823371887
0.029375702 0.021316087 0.999341130 10.893293381 0.042259321 0.998852134 -0.022547875 -1.265939116 -0.998674750 0.042893834 0.028441181 87.832984924
0.030413635 0.020793073 0.999321043 11.590227127 0.045656327 0.998711169 -0.022169901 -1.285904169 -0.998494208 0.046299599 0.029425096 87.848991394
0.032700159 0.020907786 0.999246478 12.289025307 0.046830244 0.998651028 -0.022427835 -1.303049445 -0.998367429 0.047528345 0.031676937 87.868713379
0.036469560 0.020997167 0.999114096 13.011754036 0.049176656 0.998530209 -0.022779938 -1.320900083 -0.998124003 0.049963865 0.035383396 87.896415710
0.040847536 0.020300120 0.998959064 13.749209404 0.049898714 0.998504639 -0.022331245 -1.343884945 -0.997918606 0.050758962 0.039773513 87.927909851
0.045216713 0.018615862 0.998803675 14.501406670 0.051471800 0.998454928 -0.020939531 -1.363913298 -0.997650266 0.052357040 0.044188660 87.952239990
0.048893906 0.016945628 0.998660147 15.264435768 0.051295437 0.998494029 -0.019454204 -1.384587049 -0.997485876 0.052177899 0.047951031 87.995285034
0.053111978 0.014739878 0.998479784 16.047113419 0.048118580 0.998691797 -0.017302569 -1.408021808 -0.997428477 0.048964400 0.052333228 88.047225952
0.056954730 0.013852014 0.998280644 16.846593857 0.047167409 0.998749912 -0.016549557 -1.423566222 -0.997261941 0.048028897 0.056230169 88.099609375
0.060879111 0.015081281 0.998031139 17.647640228 0.044260677 0.998861492 -0.017793693 -1.440911531 -0.997163415 0.045256801 0.060142294 88.162490845
0.063878089 0.018853486 0.997779608 18.433254242 0.041841123 0.998891890 -0.021553177 -1.470752239 -0.997080207 0.043125000 0.063018441 88.212394714
0.065702222 0.023970192 0.997551322 19.249361038 0.036372621 0.998989522 -0.026400384 -1.498781204 -0.997176111 0.038018126 0.064763978 88.273117065
0.065655887 0.027326882 0.997468054 20.061803818 0.033601228 0.998997450 -0.029580500 -1.521521807 -0.997276425 0.035458285 0.064671852 88.329589844
0.065713964 0.026905721 0.997475743 20.876579285 0.031458531 0.999083638 -0.029021595 -1.551424742 -0.997342527 0.033286247 0.064807318 88.394088745
0.065810777 0.024947291 0.997520208 21.694080353 0.028541848 0.999231398 -0.026873112 -1.587192774 -0.997423828 0.030239610 0.065048113 88.451370239
0.065419510 0.023885079 0.997571945 22.511053085 0.029163923 0.999240756 -0.025837559 -1.617275715 -0.997431576 0.030783396 0.064673245 88.511466980
0.065618508 0.022926688 0.997581363 23.326770782 0.027050141 0.999327719 -0.024746118 -1.653455496 -0.997477949 0.028608520 0.064954214 88.575935364
0.065929078 0.023048811 0.997558057 24.132347107 0.025069617 0.999379337 -0.024747754 -1.687811852 -0.997509301 0.026639998 0.065310337 88.629249573
0.065882288 0.023724793 0.997545302 24.949844360 0.021965437 0.999440551 -0.025220560 -1.720896602 -0.997585595 0.023573106 0.065324299 88.691894531
0.064518124 0.025051799 0.997601986 25.758188248 0.018902196 0.999474764 -0.026321292 -1.752305508 -0.997737527 0.020555072 0.064010702 88.758003235
0.061300483 0.024776179 0.997811794 26.566541672 0.016105631 0.999537170 -0.025808468 -1.783240557 -0.997989476 0.017652465 0.060873061 88.816642761
0.058001101 0.023667045 0.998035967 27.370964050 0.014058740 0.999600470 -0.024521168 -1.809742808 -0.998217523 0.015453385 0.057645205 88.856567383
0.052925739 0.021063514 0.998376250 28.181365967 0.012179004 0.999689519 -0.021736851 -1.840851545 -0.998524189 0.013309667 0.052652769 88.906890869
0.047036871 0.018933101 0.998713732 28.991170883 0.009967681 0.999761701 -0.019422421 -1.869900465 -0.998843372 0.010868431 0.046836942 88.945549011
0.039722644 0.019325355 0.999023795 29.794090271 0.009558443 0.999759853 -0.019719645 -1.897279263 -0.999164999 0.010332431 0.039528377 88.975006104
0.031154018 0.020078916 0.999312818 30.595546722 0.009380736 0.999748290 -0.020380115 -1.925272703 -0.999470592 0.010009214 0.030957816 89.000045776
0.021218220 0.020849686 0.999557495 31.400405884 0.009868610 0.999729395 -0.021062762 -1.948024273 -0.999726117 0.010311157 0.021006722 89.017929077
0.010848057 0.019627426 0.999748468 32.187686920 0.010870498 0.999745905 -0.019745328 -1.978863001 -0.999881983 0.011081963 0.010631943 89.024002075
-0.000053703 0.018720983 0.999824703 32.982730865 0.009626087 0.999778390 -0.018719595 -2.006461620 -0.999953568 0.009623393 -0.000233898 89.026847839
-0.011055052 0.017807944 0.999780357 33.766647339 0.011164802 0.999781311 -0.017684506 -2.033124924 -0.999876499 0.010966848 -0.011251456 89.015602112
-0.022086509 0.018280620 0.999588847 34.544517517 0.011443580 0.999771953 -0.018031117 -2.055879831 -0.999690592 0.011040634 -0.022290666 88.997756958
-0.033241708 0.018897777 0.999268591 35.323146820 0.011448768 0.999762893 -0.018526267 -2.080744743 -0.999381721 0.010824551 -0.033450179 88.971992493
-0.043462157 0.019848639 0.998857856 36.094577789 0.010744665 0.999754012 -0.019398930 -2.108765125 -0.998997271 0.009889273 -0.043664735 88.927818298
-0.053975772 0.020922044 0.998323023 36.859603882 0.011479480 0.999727368 -0.020330820 -2.131638765 -0.998476267 0.010362858 -0.054201227 88.886985779
-0.063343257 0.021407161 0.997762144 37.611598969 0.012480244 0.999708772 -0.020656610 -2.163207769 -0.997913778 0.011143859 -0.063591987 88.830383301
-0.073017269 0.022233216 0.997082829 38.381595612 0.013001847 0.999687850 -0.021339161 -2.184998751 -0.997245848 0.011405793 -0.073283568 88.776336670
-0.082411364 0.022452438 0.996345401 39.120155334 0.013677432 0.999677598 -0.021396216 -2.214090109 -0.996504486 0.011864156 -0.082691878 88.715370178
-0.090909295 0.021901932 0.995618284 39.857028961 0.015064540 0.999673903 -0.020615613 -2.237513542 -0.995745242 0.013124381 -0.091209605 88.643127441
-0.098376691 0.020561691 0.994936824 40.578674316 0.016393479 0.999684334 -0.019038858 -2.266436338 -0.995014191 0.014437499 -0.098682716 88.569885254
-0.103626981 0.019175962 0.994431376 41.316623688 0.019656083 0.999658346 -0.017228449 -2.292806149 -0.994421959 0.017761288 -0.103968486 88.485656738
-0.106810331 0.017636666 0.994123042 42.022361755 0.023129471 0.999616206 -0.015249049 -2.313746452 -0.994010270 0.021364782 -0.107177258 88.393882751
-0.109768026 0.016645627 0.993817866 42.733776093 0.024368130 0.999604285 -0.014051063 -2.334365606 -0.993658483 0.022675129 -0.110130243 88.317802429
-0.111696534 0.015633425 0.993619442 43.418891907 0.024242084 0.999621511 -0.013002717 -2.357023001 -0.993446589 0.022635043 -0.112033270 88.245140076
-0.112425722 0.016112393 0.993529499 44.091827393 0.025201183 0.999593139 -0.013359016 -2.376585007 -0.993340433 0.023536218 -0.112786025 88.168266296
-0.111339383 0.017090922 0.993635476 44.742034912 0.025646586 0.999568522 -0.014319209 -2.396702528 -0.993451416 0.023889067 -0.111729667 88.094696045
-0.108157985 0.018813923 0.993955672 45.367141724 0.026923992 0.999509573 -0.015989298 -2.416484118 -0.993769050 0.025031880 -0.108611494 88.027122498
-0.103237621 0.019209161 0.994471192 45.977005005 0.027348010 0.999490321 -0.016467068 -2.439465046 -0.994280815 0.025496788 -0.103710338 87.963874817
-0.095086828 0.019940738 0.995269239 46.572357178 0.027012873 0.999482870 -0.017444383 -2.457852840 -0.995102406 0.025226351 -0.095576324 87.909523010
-0.084033817 0.019843722 0.996265233 47.156082153 0.025609564 0.999514520 -0.017748300 -2.481213093 -0.996133804 0.024022464 -0.084501207 87.872184753
-0.070325352 0.020048674 0.997322619 47.711612701 0.025065152 0.999517858 -0.018325357 -2.502875805 -0.997209311 0.023709303 -0.070793971 87.841300964
-0.053377114 0.021152550 0.998350382 48.247612000 0.023401609 0.999527514 -0.019926317 -2.530290127 -0.998300195 0.022299390 -0.053846899 87.827735901
-0.031940661 0.023716759 0.999208391 48.781749725 0.021565022 0.999502063 -0.023034383 -2.550716877 -0.999257088 0.020812213 -0.032436214 87.826896667
-0.007441904 0.026684966 0.999616265 49.296760559 0.019513907 0.999457419 -0.026535451 -2.575150013 -0.999781966 0.019308941 -0.007958595 87.842903137
0.020834889 0.028277138 0.999382973 49.812149048 0.017533652 0.999435842 -0.028644172 -2.597855568 -0.999629200 0.018119631 0.020327333 87.871955872
0.054299977 0.027473003 0.998146653 50.319709778 0.015296253 0.999481261 -0.028341863 -2.623912334 -0.998407483 0.016806863 0.053851567 87.912750244
0.093027622 0.025169758 0.995345294 50.818904877 0.014556293 0.999539196 -0.026636282 -2.642103910 -0.995557129 0.016966451 0.092618376 87.972381592
0.134756297 0.021446360 0.990646601 51.316364288 0.012510616 0.999649227 -0.023343060 -2.659873009 -0.990799785 0.015539226 0.134440690 88.069160461
0.179777861 0.017122980 0.983558238 51.802440643 0.009605765 0.999770284 -0.019160993 -2.683080196 -0.983660340 0.012892551 0.179572105 88.186370850
0.228357151 0.013851732 0.973478854 52.282249451 0.005126991 0.999867797 -0.015429903 -2.701135159 -0.973563850 0.008514547 0.228255957 88.331726074
0.280033767 0.012185058 0.959912777 52.758602142 0.000841456 0.999915898 -0.012938330 -2.720684528 -0.959989727 0.004430895 0.280000061 88.490875244
0.335724533 0.012181718 0.941881418 53.215461731 0.000325739 0.999914825 -0.013048392 -2.730542183 -0.941960096 0.004687472 0.335691929 88.677146912
0.393437982 0.013196359 0.919256508 53.654983521 0.002563284 0.999877334 -0.015450784 -2.736943722 -0.919347703 0.008435240 0.393355817 88.895797729
0.452413678 0.016906871 0.891647935 54.060386658 0.003822952 0.999774337 -0.020896824 -2.745903730 -0.891800046 0.012862738 0.452246875 89.144111633
0.512155414 0.019762047 0.858665466 54.454727173 0.005588378 0.999637365 -0.026339712 -2.763677597 -0.858874619 0.018288573 0.511859238 89.415054321
0.571151495 0.025011353 0.820463538 54.824180603 0.001378101 0.999505103 -0.031428665 -2.764223099 -0.820843458 0.019081213 0.570834339 89.703674316
0.626577437 0.026594717 0.778905272 55.170349121 -0.002353219 0.999477565 -0.032232862 -2.794767857 -0.779355645 0.018363452 0.626312673 90.034950256
0.678066373 0.027927214 0.734469891 55.466831207 -0.004295656 0.999411404 -0.034035485 -2.808825493 -0.734988093 0.019923287 0.677787244 90.379226685
0.728070021 0.025305301 0.685035527 55.780487061 -0.004290894 0.999467134 -0.032359987 -2.833273411 -0.685489297 0.020620920 0.727790534 90.737831116
0.772087574 0.021628035 0.635147870 56.025909424 -0.006319948 0.999632597 -0.026356908 -2.853470802 -0.635484636 0.016335739 0.771940649 91.127067566
0.812802553 0.019164544 0.582223952 56.256954193 -0.007692513 0.999724746 -0.022168046 -2.836614132 -0.582488537 0.013539476 0.812726080 91.533058167
0.849793792 0.016268643 0.526864111 56.484180450 -0.009970105 0.999840975 -0.014792281 -2.857270241 -0.527020931 0.007317496 0.849820793 91.951713562
0.880935371 0.013081953 0.473055750 56.670467377 -0.010696084 0.999912918 -0.007733247 -2.864583731 -0.473115712 0.001752644 0.880998552 92.384231567
0.906265795 0.014224255 0.422468752 56.830692291 -0.014640613 0.999890149 -0.002259122 -2.875722647 -0.422454596 -0.004137836 0.906374693 92.826858521
0.926182032 0.015603129 0.376753658 56.954402924 -0.017641803 0.999842286 0.001961092 -2.893367767 -0.376663774 -0.008462945 0.926311374 93.247268677
0.941081762 0.022140790 0.337453425 57.063415527 -0.025249258 0.999669492 0.004824779 -2.906977415 -0.337235153 -0.013060963 0.941329837 93.681472778
0.952796578 0.026710957 0.302432239 57.168125153 -0.029188693 0.999567091 0.003675169 -2.907088995 -0.302203238 -0.012329290 0.953163743 94.141166687
0.962094665 0.027896244 0.271285027 57.293128967 -0.030069476 0.999540389 0.003856680 -2.902137280 -0.271052718 -0.011867889 0.962491333 94.607284546
0.968146563 0.023053637 0.249320820 57.405265808 -0.024743322 0.999687195 0.003644836 -2.903987408 -0.249158785 -0.009697760 0.968414128 95.078132629
0.972081482 0.020116560 0.233779728 57.510032654 -0.021839190 0.999749959 0.004782015 -2.916482925 -0.233625084 -0.009754067 0.972277820 95.561508179
0.974858046 0.024693320 0.221454412 57.598804474 -0.026263788 0.999646485 0.004149280 -2.912697792 -0.221273646 -0.009861190 0.975161910 96.064743042
0.976872683 0.030127876 0.211688995 57.688709259 -0.031893857 0.999479115 0.004931994 -2.915622473 -0.211430147 -0.011569507 0.977324665 96.576477051
0.977890015 0.038452435 0.205554098 57.783214569 -0.040064532 0.999190211 0.003684694 -2.919528484 -0.205246016 -0.011838654 0.978638768 97.077011108
0.978258491 0.043872628 0.202696025 57.876152039 -0.044853747 0.998993576 0.000247072 -2.921258450 -0.202481210 -0.009333376 0.979241669 97.584617615
0.978360295 0.045280434 0.201893240 57.979240417 -0.045790765 0.998948693 -0.002144521 -2.931611776 -0.201778114 -0.007146732 0.979405165 98.108497620
0.978033543 0.043065179 0.203950539 58.108322144 -0.042788889 0.999067426 -0.005766394 -2.937016249 -0.204008684 -0.003087089 0.978964210 98.629981995
0.977288663 0.041992735 0.207710266 58.229301453 -0.040321503 0.999111354 -0.012275134 -2.942555189 -0.208041161 0.003621158 0.978113413 99.178932190
0.976415932 0.042110059 0.211751506 58.351928711 -0.039351217 0.999076962 -0.017227881 -2.944569588 -0.212281495 0.008488899 0.977171659 99.732345581
0.975218952 0.046912678 0.216211602 58.470649719 -0.044404574 0.998878300 -0.016446279 -2.960889816 -0.216740623 0.006437934 0.976207972 100.315650940
0.973707676 0.050048251 0.222235605 58.595481873 -0.048368379 0.998744965 -0.012998749 -2.965045214 -0.222607255 0.001907805 0.974906385 100.912452698
0.972851992 0.046768356 0.226652950 58.742328644 -0.046125837 0.998902500 -0.008133148 -2.979439020 -0.226784602 -0.002542209 0.973941624 101.503623962
0.972161591 0.042629007 0.230400443 58.893039703 -0.043175630 0.999063849 -0.002671021 -2.988032579 -0.230298638 -0.007351021 0.973092258 102.118659973
0.971350789 0.040087670 0.234244838 59.045524597 -0.041767452 0.999124885 0.002212445 -2.997689724 -0.233951211 -0.011932871 0.972175121 102.746307373
0.970893383 0.034717862 0.236982480 59.206401825 -0.036445651 0.999331355 0.002912404 -3.006684780 -0.236722916 -0.011464614 0.971509576 103.372962952
0.970849156 0.031482026 0.237614736 59.358661652 -0.032338042 0.999476969 -0.000295423 -3.011786461 -0.237499759 -0.007397184 0.971359432 104.020767212
0.971026719 0.031127345 0.236935064 59.526069641 -0.030217590 0.999515414 -0.007471140 -3.017814159 -0.237052813 0.000095071 0.971496761 104.662734985
0.971186697 0.033321474 0.235978723 59.681739807 -0.030865882 0.999424219 -0.014093452 -3.026077032 -0.236312434 0.006403684 0.971656024 105.321907043
0.971679688 0.036508076 0.233464763 59.834827423 -0.033169243 0.999283850 -0.018212821 -3.029800892 -0.233962491 0.009953177 0.972194612 106.004493713
0.972318292 0.034672171 0.231073603 59.997741699 -0.032387730 0.999381900 -0.013673391 -3.039468288 -0.231404871 0.005810938 0.972840190 106.696807861
0.972769082 0.030690126 0.229735598 60.166625977 -0.030128604 0.999528348 -0.005952382 -3.055554867 -0.229809940 -0.001131319 0.973234832 107.404266357
0.973351002 0.031157002 0.227193877 60.328872681 -0.032046985 0.999486327 0.000228699 -3.071304083 -0.227070063 -0.007503480 0.973849475 108.101531982
0.973628461 0.034563225 0.225506127 60.485908508 -0.035401490 0.999373078 -0.000326632 -3.081328630 -0.225376025 -0.007665235 0.974241734 108.830390930
0.973918200 0.040162876 0.223316401 60.640151978 -0.040034294 0.999185145 -0.005104959 -3.088098526 -0.223339498 -0.003968501 0.974732637 109.561706543
0.974780738 0.040947974 0.219375938 60.803089142 -0.039619420 0.999160171 -0.010453948 -3.095151901 -0.219619736 0.001498762 0.975584388 110.298492432
0.975684285 0.039667625 0.215561405 60.967380524 -0.037642512 0.999200225 -0.013493531 -3.104595184 -0.215924278 0.005051154 0.976396978 111.055015564
0.976631224 0.037170246 0.211683139 61.131385803 -0.035452802 0.999300480 -0.011904234 -3.115548134 -0.211977512 0.004121287 0.977265835 111.831832886
0.977476776 0.033622701 0.208347559 61.297618866 -0.032309718 0.999430835 -0.009702859 -3.132004738 -0.208555177 0.002752668 0.978006840 112.608421326
0.977929115 0.032272007 0.206429645 61.463680267 -0.031534068 0.999479055 -0.006864898 -3.144865274 -0.206543669 0.000203815 0.978437424 113.402992249
0.978230059 0.029638404 0.205395833 61.628330231 -0.029313633 0.999559641 -0.004624595 -3.155156136 -0.205442429 -0.001496978 0.978667974 114.203895569
0.978415072 0.024281355 0.205217764 61.792991638 -0.024097187 0.999703825 -0.003396941 -3.167053699 -0.205239505 -0.001621553 0.978710413 114.992439270
0.978522241 0.025095602 0.204607606 61.955741882 -0.025249116 0.999679506 -0.001860798 -3.176270247 -0.204588726 -0.003345329 0.978842258 115.795547485
0.978319883 0.030764295 0.204801843 62.119468689 -0.030686429 0.999522686 -0.003556951 -3.192620993 -0.204813555 -0.002804802 0.978796959 116.614402771
0.978038788 0.036065612 0.205278516 62.282943726 -0.035394251 0.999349296 -0.006942729 -3.201188564 -0.205395341 -0.000475420 0.978678942 117.428817749
0.977474093 0.044797212 0.206246510 62.443046570 -0.043974739 0.998995781 -0.008572546 -3.210227489 -0.206423447 -0.000690194 0.978462458 118.260009766
0.976608396 0.050629746 0.208979636 62.609161377 -0.050027438 0.998714387 -0.008170328 -3.220132351 -0.209124610 -0.002475505 0.977885842 119.090148926
0.975776553 0.053052861 0.212239012 62.774070740 -0.052948643 0.998578131 -0.006178758 -3.237997532 -0.212265015 -0.005208682 0.977198124 119.933036804
0.975201845 0.054045964 0.214616761 62.953624725 -0.053859029 0.998525858 -0.006723019 -3.260256529 -0.214663759 -0.005002750 0.976675212 120.762290955
0.974841118 0.052442666 0.216643825 63.133605957 -0.051560219 0.998622537 -0.009727510 -3.270167828 -0.216855541 -0.001687426 0.976202369 121.595001221
0.974877000 0.046199009 0.217900485 63.327476501 -0.045456100 0.998930812 -0.008423598 -3.285220146 -0.218056679 -0.001692933 0.975934744 122.438270569
0.975107312 0.039721321 0.218146518 63.523403168 -0.038491491 0.999210000 -0.009886053 -3.306499958 -0.218366876 0.001243179 0.975866079 123.260902405
0.974902868 0.038733199 0.219235465 63.707336426 -0.037505675 0.999248743 -0.009759911 -3.328004360 -0.219448775 0.001292392 0.975623190 124.094566345
0.974347591 0.041206542 0.221244007 63.891502380 -0.040663294 0.999148250 -0.007011539 -3.341276646 -0.221344516 -0.002164835 0.975193322 124.942878723
0.973905385 0.043429464 0.222760126 64.071609497 -0.044297501 0.999017835 -0.001100871 -3.357239246 -0.222589135 -0.008795573 0.974872768 125.787330627
0.973537803 0.047285918 0.223580390 64.254821777 -0.049149372 0.998787642 0.002773875 -3.371604681 -0.223178148 -0.013689309 0.974681616 126.626754761
0.973318994 0.046581496 0.224678218 64.436790466 -0.047022764 0.998888016 -0.003389528 -3.391042233 -0.224586263 -0.007265900 0.974427044 127.435501099
0.973534226 0.042454563 0.224563301 64.623374939 -0.039434128 0.999061525 -0.017920284 -3.407832384 -0.225113317 0.008590555 0.974294662 128.241729736
