1.000000000 0.000000000 0.000000001 0.000000000 0.000000000 0.999999940 0.000000000 0.000000007 0.000000001 0.000000000 1.000000119 0.000000000
0.999954998 -0.008710609 -0.003771998 0.006088136 0.008709264 0.999962032 -0.000373173 -0.017579637 0.003775106 0.000340306 0.999992907 0.664869249
0.999892950 -0.012207109 -0.008069962 0.001740362 0.012204263 0.999925375 -0.000401942 -0.043135308 0.008074268 0.000303412 0.999967456 1.343906879
0.999823034 -0.014281208 -0.012243249 -0.009928274 0.014276494 0.999897897 -0.000472433 -0.064153738 0.012248748 0.000297560 0.999925017 2.038898230
0.999732196 -0.015687199 -0.017018292 -0.028402751 0.015687773 0.999876857 -0.000099870 -0.081369877 0.017017767 -0.000167136 0.999855220 2.748843908
0.999624968 -0.017220929 -0.021294447 -0.050854027 0.017230377 0.999851465 0.000260231 -0.099732526 0.021286806 -0.000627044 0.999773264 3.474157572
0.999511361 -0.017803898 -0.025698893 -0.078716040 0.017816972 0.999841213 0.000279599 -0.120547608 0.025689838 -0.000737338 0.999669731 4.212318897
0.999367774 -0.018315246 -0.030472256 -0.111590132 0.018351099 0.999831080 0.000897109 -0.138302848 0.030450677 -0.001455740 0.999535322 4.965850830
0.999207079 -0.019580504 -0.034667168 -0.146410331 0.019692075 0.999801874 0.002879745 -0.147620320 0.034603912 -0.003560129 0.999394834 5.733262062
0.999018490 -0.020180024 -0.039432991 -0.180907041 0.020412866 0.999776363 0.005511003 -0.150520056 0.039312974 -0.006310533 0.999207020 6.533233166
0.998897135 -0.020375740 -0.042300608 -0.222001106 0.020690180 0.999761283 0.007008882 -0.145194069 0.042147703 -0.007876359 0.999080420 7.308164120
0.998817742 -0.019061632 -0.044720370 -0.267549664 0.019358480 0.999793291 0.006214116 -0.146472290 0.044592679 -0.007072487 0.998980284 8.121544838
0.998667359 -0.020376813 -0.047417276 -0.301617652 0.020683158 0.999768198 0.005978881 -0.141637608 0.047284454 -0.006951652 0.998857319 8.919655800
0.998562515 -0.021172229 -0.049241204 -0.342887104 0.021451382 0.999756575 0.005147475 -0.137692839 0.049120251 -0.006196368 0.998773694 9.740285873
0.998466909 -0.020948291 -0.051233992 -0.387604058 0.021235064 0.999761701 0.005059249 -0.132130012 0.051115811 -0.006139449 0.998673856 10.570552826
0.998379230 -0.021594089 -0.052657217 -0.433780640 0.021844499 0.999752581 0.004184549 -0.127210423 0.052553825 -0.005328037 0.998603940 11.409473419
0.998336673 -0.019295437 -0.054328959 -0.487074912 0.019427486 0.999809444 0.001903442 -0.132487103 0.054281879 -0.002955751 0.998521328 12.265816689
0.998277426 -0.018347552 -0.055729251 -0.538139403 0.018295541 0.999831557 -0.001443475 -0.125243753 0.055746354 0.000421392 0.998444915 13.110023499
0.998233199 -0.014502092 -0.057620235 -0.595410705 0.014340825 0.999891996 -0.003211423 -0.131457597 0.057660587 0.002379429 0.998333395 13.986672401
0.998206377 -0.012272037 -0.058597285 -0.655080914 0.012069088 0.999919832 -0.003816172 -0.131943911 0.058639422 0.003102112 0.998274565 14.843425751
0.998130918 -0.013096445 -0.059694946 -0.716948867 0.012968575 0.999912620 -0.002529075 -0.139440686 0.059722863 0.001750191 0.998213470 15.733385086
0.998050094 -0.011918475 -0.061272334 -0.771179914 0.011863876 0.999928713 -0.001254878 -0.145290837 0.061282940 0.000525504 0.998120368 16.607847214
0.997970581 -0.012414496 -0.062456410 -0.825732827 0.012371182 0.999922812 -0.001080221 -0.157903731 0.062465016 0.000305369 0.998047113 17.520095825
0.997898996 -0.011810303 -0.063703917 -0.891907454 0.011700062 0.999929309 -0.002103296 -0.163088322 0.063724272 0.001353537 0.997966707 18.390468597
0.997827291 -0.012641277 -0.064660482 -0.951954365 0.012462931 0.999917328 -0.003160824 -0.169407859 0.064695098 0.002348098 0.997902334 19.288711548
0.997791350 -0.012746328 -0.065192483 -1.014628649 0.012668517 0.999918401 -0.001606834 -0.176738158 0.065207668 0.000777394 0.997871399 20.209594727
0.997806668 -0.011228907 -0.065236777 -1.077720165 0.011346033 0.999934673 0.001425157 -0.180975750 0.065216511 -0.002162209 0.997868955 21.109790802
0.997886658 -0.009963471 -0.064211413 -1.144079924 0.010319773 0.999933243 0.005219612 -0.189584732 0.064155102 -0.005871228 0.997922659 22.043197632
0.997965574 -0.010023777 -0.062961377 -1.199225545 0.010547023 0.999912500 0.007983712 -0.193717614 0.062875845 -0.008631525 0.997983992 22.948060989
0.998062015 -0.009619864 -0.061478749 -1.262469769 0.010163400 0.999911904 0.008534430 -0.194480643 0.061391238 -0.009142723 0.998071909 23.892271042
0.998148084 -0.009432130 -0.060094766 -1.316143751 0.009842179 0.999930203 0.006531012 -0.205662757 0.060028978 -0.007110379 0.998171508 24.802011490
0.998219669 -0.008747593 -0.058999881 -1.377735853 0.008863110 0.999959290 0.001696474 -0.210117653 0.058982644 -0.002216375 0.998256624 25.743457794
0.998295486 -0.008400915 -0.057754796 -1.433668852 0.008317255 0.999963939 -0.001688801 -0.210505575 0.057766903 0.001205562 0.998329341 26.672237396
0.998311043 -0.011045694 -0.057036132 -1.489704490 0.011030823 0.999938965 -0.000575603 -0.218516633 0.057039011 -0.000054524 0.998371959 27.632720947
0.998306453 -0.011370154 -0.057051755 -1.548062563 0.011568678 0.999928176 0.003150675 -0.219538659 0.057011832 -0.003805352 0.998366296 28.575817108
0.998221695 -0.015098649 -0.057666253 -1.607370853 0.015509441 0.999857485 0.006682719 -0.228262857 0.057557132 -0.007565206 0.998313665 29.550464630
0.998015821 -0.022425225 -0.058836397 -1.652096152 0.022822225 0.999721050 0.006084160 -0.237988636 0.058683548 -0.007414865 0.998249114 30.519084930
0.997899473 -0.024011122 -0.060167089 -1.709528446 0.024229510 0.999702156 0.002902628 -0.247159332 0.060079474 -0.004354349 0.998184264 31.452533722
0.997827709 -0.023727922 -0.061456423 -1.772180319 0.023704076 0.999718428 -0.001117174 -0.252324015 0.061465625 -0.000342020 0.998109162 32.430046082
0.997742474 -0.021831717 -0.063508488 -1.834954619 0.021706127 0.999760807 -0.002666964 -0.258533061 0.063551515 0.001282421 0.997977734 33.384948730
0.997676253 -0.022022054 -0.064477049 -1.895384312 0.021977490 0.999757469 -0.001400443 -0.267855972 0.064492248 -0.000019855 0.997918308 34.376239777
0.997677624 -0.018302001 -0.065608323 -1.969617486 0.018430119 0.999829173 0.001348011 -0.277551860 0.065572456 -0.002554049 0.997844636 35.345409393
0.997605205 -0.018178910 -0.066733040 -2.029824257 0.018402323 0.999826908 0.002734653 -0.289058059 0.066671781 -0.003956147 0.997767270 36.317981720
0.997548878 -0.016552418 -0.067988783 -2.105484486 0.016923986 0.999844790 0.004892704 -0.296951532 0.067897268 -0.006031352 0.997674167 37.312736511
0.997581422 -0.015869200 -0.067673929 -2.167082787 0.016465036 0.999830365 0.008255780 -0.312720865 0.067531444 -0.009350065 0.997673452 38.286586761
0.997622132 -0.010474465 -0.068121351 -2.252318382 0.011216910 0.999881744 0.010525442 -0.313152373 0.068003051 -0.011264523 0.997621596 39.279628754
0.997586966 -0.010006795 -0.068703830 -2.317829370 0.010746180 0.999888182 0.010400731 -0.327622324 0.068592079 -0.011113938 0.997582853 40.258769989
0.997621298 -0.010075585 -0.068192847 -2.394877195 0.010677498 0.999907196 0.008467853 -0.325364143 0.068101197 -0.009175840 0.997636199 41.251098633
0.997629344 -0.007813110 -0.068371721 -2.462179899 0.008282649 0.999943972 0.006586653 -0.338341981 0.068316445 -0.007137336 0.997638345 42.208683014
0.997550845 -0.008224988 -0.069460958 -2.530677319 0.008710033 0.999939740 0.006682982 -0.342905968 0.069401808 -0.007271621 0.997562408 43.202507019
0.997470438 -0.010257564 -0.070339106 -2.608206749 0.010850578 0.999908686 0.008053853 -0.351305842 0.070250079 -0.008796700 0.997490704 44.193733215
0.997416198 -0.008264214 -0.071363114 -2.674663067 0.008873948 0.999926746 0.008231270 -0.356367350 0.071289837 -0.008843274 0.997416496 45.127052307
0.997431338 -0.005828370 -0.071392015 -2.751179695 0.006169182 0.999970675 0.004554227 -0.365580648 0.071363367 -0.004982959 0.997438014 46.100418091
0.997386098 -0.005472551 -0.072048254 -2.828821421 0.005508809 0.999984801 0.000304531 -0.373324484 0.072045483 -0.000700635 0.997401118 47.064510345
0.997329473 -0.002960574 -0.072974756 -2.898020267 0.002911359 0.999995410 -0.000780786 -0.384214461 0.072976746 0.000566245 0.997333527 47.998607635
0.997324109 -0.004034194 -0.072996810 -2.973403931 0.004246805 0.999987185 0.002757625 -0.395636261 0.072984748 -0.003060249 0.997328460 48.979423523
0.997344911 -0.006233505 -0.072555602 -3.053305149 0.006692923 0.999958992 0.006090530 -0.407163471 0.072514653 -0.006559968 0.997345865 49.951782227
0.997281551 -0.006091119 -0.073434524 -3.111964703 0.006571878 0.999958515 0.006306875 -0.420958549 0.073393077 -0.006772331 0.997280121 50.850006104
0.997240901 -0.009445414 -0.073629983 -3.183539629 0.009847335 0.999938548 0.005097498 -0.429149568 0.073577300 -0.005808491 0.997272730 51.807891846
0.997211039 -0.010856442 -0.073839709 -3.253092766 0.011169882 0.999930263 0.003833206 -0.440815389 0.073792957 -0.004647297 0.997262836 52.724155426
0.997130573 -0.012238330 -0.074705467 -3.326500416 0.012636697 0.999908328 0.004862093 -0.450050622 0.074639127 -0.005792173 0.997193873 53.676189423
0.997003734 -0.014307982 -0.076017894 -3.393148422 0.014978378 0.999853611 0.008256056 -0.455262899 0.075888641 -0.009369945 0.997072220 54.592144012
0.996972322 -0.015078780 -0.076280914 -3.472598076 0.016115086 0.999785721 0.012988076 -0.457867980 0.076068752 -0.014178026 0.997001767 55.532798767
0.996927857 -0.013548840 -0.077145137 -3.548709393 0.014771781 0.999773681 0.015303910 -0.458143473 0.076920345 -0.016396463 0.996902466 56.478454590
0.996827304 -0.012101443 -0.078670286 -3.612908840 0.013146694 0.999831736 0.012782104 -0.479124784 0.078502379 -0.013775802 0.996818841 57.362636566
0.996779382 -0.009975974 -0.079570249 -3.696568966 0.010385641 0.999934733 0.004736288 -0.481125474 0.079517804 -0.005547420 0.996818185 58.271060944
0.996725857 -0.008082738 -0.080450989 -3.775640965 0.008098510 0.999967039 -0.000130286 -0.488532722 0.080449395 -0.000521671 0.996758699 59.177688599
0.996643007 -0.004921986 -0.081722520 -3.847209454 0.004977547 0.999987483 0.000476131 -0.498456538 0.081719168 -0.000881310 0.996655047 60.042480469
0.996557236 -0.002279237 -0.082875289 -3.933331966 0.002539436 0.999992251 0.003034364 -0.514366508 0.082867704 -0.003234373 0.996555328 60.932369232
0.996497273 0.001475050 -0.083612725 -4.008471489 -0.001101726 0.999989212 0.004510882 -0.528246045 0.083618499 -0.004402963 0.996488154 61.778816223
0.996394098 0.002280563 -0.084815204 -4.085199356 -0.001928803 0.999989212 0.004229071 -0.536748886 0.084823936 -0.004050229 0.996387780 62.646003723
0.996277332 0.003811606 -0.086121999 -4.165054321 -0.003374776 0.999980688 0.005217241 -0.552603126 0.086140245 -0.004907175 0.996271014 63.459938049
0.996151268 0.004674143 -0.087525770 -4.244820595 -0.004171550 0.999973714 0.005924240 -0.563975573 0.087551169 -0.005536321 0.996144712 64.301734924
0.996022403 0.005769880 -0.088916548 -4.317258358 -0.005246987 0.999967515 0.006113329 -0.574228287 0.088948928 -0.005622467 0.996020377 65.091720581
0.995932579 0.005355789 -0.089941397 -4.393273354 -0.004719898 0.999962389 0.007281241 -0.580826044 0.089976996 -0.006827110 0.995920539 65.894958496
0.995785117 0.007623968 -0.091400571 -4.470246315 -0.006767341 0.999930263 0.009678482 -0.586133778 0.091467984 -0.009019148 0.995767236 66.677131653
0.995662689 0.009337350 -0.092568114 -4.551671028 -0.008092666 0.999871850 0.013812402 -0.592336833 0.092685223 -0.013003368 0.995610714 67.462265015
0.995480537 0.012062095 -0.094196051 -4.627903938 -0.010618075 0.999818623 0.015816126 -0.600464582 0.094369754 -0.014744471 0.995428026 68.210296631
0.995326877 0.014889828 -0.095407881 -4.701979637 -0.013828567 0.999835074 0.011774994 -0.606747031 0.095567495 -0.010400617 0.995368659 68.950584412
0.995176315 0.015546556 -0.096862338 -4.779913902 -0.015141755 0.999873281 0.004912827 -0.625741720 0.096926451 -0.003422463 0.995285630 69.658760071
0.995042205 0.015207476 -0.098283686 -4.852376938 -0.015358456 0.999881744 -0.000779753 -0.632626951 0.098260202 0.002285373 0.995158315 70.354438782
0.995007515 0.015823554 -0.098538324 -4.929782867 -0.016109005 0.999868035 -0.002101893 -0.635791302 0.098492064 0.003678754 0.995131135 71.050476074
0.994897008 0.017845705 -0.099304937 -5.000451088 -0.017830838 0.999840379 0.001037331 -0.646473765 0.099307604 0.000738653 0.995056510 71.698730469
0.994784832 0.018341009 -0.100332454 -5.077093601 -0.018132310 0.999831080 0.002991678 -0.661982536 0.100370370 -0.001156816 0.994949520 72.361068726
0.994741678 0.014940629 -0.101320527 -5.139089584 -0.015060129 0.999886394 -0.000414563 -0.671689093 0.101302847 0.001938284 0.994853735 72.986183167
0.994816601 0.008700601 -0.101313278 -5.190813541 -0.009147127 0.999950409 -0.003943657 -0.700736880 0.101273961 0.004849942 0.994846821 73.559677124
0.994984090 0.004828994 -0.099918507 -5.250891685 -0.005751499 0.999943495 -0.008946585 -0.705485284 0.099869683 0.009476391 0.994955540 74.164993286
0.995241106 0.006846644 -0.097204015 -5.303390026 -0.007750073 0.999930203 -0.008919630 -0.721457958 0.097136177 0.009630520 0.995224595 74.741638184
0.995604455 0.009791783 -0.093144394 -5.362186909 -0.010479050 0.999921262 -0.006892289 -0.721538126 0.093069576 0.007838059 0.995628774 75.271400452
0.996032417 0.008332608 -0.088599719 -5.412047386 -0.008710532 0.999954462 -0.003879725 -0.729772747 0.088563360 0.004636083 0.996059775 75.831230164
0.996562600 0.004787081 -0.082704663 -5.449018955 -0.004797863 0.999988496 0.000068345 -0.736144722 0.082704030 0.000328696 0.996574163 76.371749878
0.997211099 0.001835070 -0.074610636 -5.472987652 -0.001544717 0.999990940 0.003949091 -0.752285063 0.074617215 -0.003822825 0.997204959 76.868240356
0.997940063 0.005478080 -0.063920021 -5.506919861 -0.005228892 0.999978065 0.004065064 -0.763627648 0.063940875 -0.003722459 0.997946799 77.386497498
0.998754442 0.009195128 -0.049040608 -5.524700165 -0.009037322 0.999953210 0.003438588 -0.771552324 0.049069941 -0.002991109 0.998790860 77.865318298
0.999419093 0.014321069 -0.030928133 -5.540110111 -0.014207019 0.999891400 0.003904228 -0.775396705 0.030980693 -0.003462562 0.999514043 78.360450745
0.999879122 0.012888377 -0.008698747 -5.532025337 -0.012849248 0.999907136 0.004539037 -0.781511664 0.008756436 -0.004426715 0.999951899 78.839942932
0.999790013 0.011024803 0.017276155 -5.494454384 -0.011115849 0.999924779 0.005182971 -0.781123400 -0.017217716 -0.005373922 0.999837339 79.267082214
0.998861790 0.010043742 0.046631195 -5.449072838 -0.010378502 0.999922037 0.006942405 -0.790789068 -0.046557829 -0.007418464 0.998888135 79.719093323
0.996735454 0.009645772 0.080158785 -5.397327423 -0.010377647 0.999908149 0.008718737 -0.800788283 -0.080067322 -0.009522134 0.996743977 80.172515869
0.993095756 0.008810556 0.116975591 -5.320115089 -0.009919443 0.999911129 0.008900872 -0.802265346 -0.116886787 -0.009999750 0.993094921 80.567153931
0.987277746 0.009149604 0.158741772 -5.226696014 -0.010656142 0.999905944 0.008641897 -0.803374708 -0.158647761 -0.010223526 0.987282395 80.994499207
0.979021192 0.008603648 0.203577220 -5.108045578 -0.010582003 0.999906719 0.008631422 -0.809826076 -0.203483969 -0.010604599 0.979020953 81.409599304
0.967624187 0.010134675 0.252191693 -4.984796524 -0.012357897 0.999897361 0.007233243 -0.825581610 -0.252092570 -0.010115621 0.967650294 81.768905640
0.952179849 0.011077653 0.305337340 -4.829868317 -0.013082884 0.999904156 0.004521775 -0.834518313 -0.305257976 -0.008300235 0.952233613 82.149452209
0.932586908 0.011373834 0.360766232 -4.646413803 -0.013067078 0.999911964 0.002254516 -0.837259352 -0.360708863 -0.006816692 0.932653606 82.516174316
0.908580482 0.012122037 0.417533994 -4.462007523 -0.013584994 0.999907494 0.000532038 -0.844286680 -0.417488933 -0.006155596 0.908661246 82.826644897
0.879615605 0.012368329 0.475524455 -4.245010376 -0.013221839 0.999911368 -0.001550074 -0.848554850 -0.475501418 -0.004923837 0.879701316 83.151657104
0.846206427 0.011295475 0.532735586 -4.003749847 -0.010985502 0.999932587 -0.003751791 -0.854090750 -0.532742083 -0.002677577 0.846273541 83.455535889
0.810137093 0.010733421 0.586142063 -3.756889343 -0.009633250 0.999941111 -0.004996286 -0.863147199 -0.586161315 -0.001598777 0.810192823 83.709922791
0.770226657 0.009343732 0.637701690 -3.482814789 -0.008989310 0.999952376 -0.003794064 -0.874331355 -0.637706876 -0.002810210 0.770274103 83.979690552
0.727882743 0.008580269 0.685648024 -3.203174591 -0.009818974 0.999949574 -0.002089665 -0.878811717 -0.685631394 -0.005211328 0.727930367 84.215301514
0.682509422 0.007688874 0.730836391 -2.901344299 -0.009077871 0.999956667 -0.002042603 -0.882428586 -0.730820537 -0.005240342 0.682549775 84.445587158
0.636161268 0.006360422 0.771530032 -2.576858521 -0.005661034 0.999977469 -0.003575946 -0.886869192 -0.771535516 -0.002092778 0.636183023 84.651367188
0.589094222 0.004127113 0.808053911 -2.271415710 -0.002196322 0.999991417 -0.003506248 -0.905612886 -0.808061481 0.000290764 0.589098215 84.822219849
0.542338610 0.006010545 0.840138555 -1.939136505 -0.004601985 0.999980628 -0.004183351 -0.918274045 -0.840147436 -0.001597512 0.542355776 84.990127563
0.495211124 0.008001804 0.868735909 -1.612583160 -0.006085506 0.999964952 -0.005741577 -0.923716784 -0.868751407 -0.002443404 0.495242625 85.145759583
0.449714750 0.009965197 0.893116653 -1.271572113 -0.006942626 0.999946535 -0.007661331 -0.932708442 -0.893145263 -0.002755162 0.449759960 85.279281616
0.407218307 0.007665767 0.913298666 -0.916074753 -0.000595913 0.999966741 -0.008127511 -0.941704750 -0.913330793 0.002765425 0.407209396 85.395317078
0.366573244 0.002061333 0.930387020 -0.569345474 0.009392194 0.999938369 -0.005915960 -0.948202491 -0.930341899 0.010907004 0.366531312 85.493415833
0.331198901 -0.001306818 0.943560183 -0.203218460 0.013529966 0.999902785 -0.003364300 -0.949816108 -0.943463981 0.013880589 0.331184387 85.583877563
0.298081785 0.000760747 0.954540074 0.151603699 0.014773860 0.999876201 -0.005410426 -0.960317612 -0.954426050 0.015714984 0.298033595 85.677276611
0.267201394 0.008218474 0.963605762 0.519014359 0.004005129 0.999945462 -0.009639004 -0.975131392 -0.963632464 0.006434917 0.267153919 85.774009705
0.238375232 0.012953122 0.971086740 0.889030457 -0.002581022 0.999915957 -0.012704099 -0.994160891 -0.971169710 0.000521946 0.238388613 85.859878540
0.212607056 0.014609803 0.977028608 1.281539917 -0.001364697 0.999891639 -0.014654717 -1.007517934 -0.977136910 0.001782348 0.212603956 85.926002502
0.189049557 0.016375234 0.981831014 1.675556183 0.002441650 0.999850035 -0.017145894 -1.023963690 -0.981964469 0.005638710 0.188981235 85.977340698
0.169240952 0.022382529 0.985320568 2.088622093 0.009204523 0.999662578 -0.024289316 -1.026284814 -0.985531688 0.013180152 0.168977857 86.017333984
0.149592757 0.028522588 0.988336265 2.496368408 0.014890214 0.999405503 -0.031095795 -1.021165848 -0.988635600 0.019368246 0.149079144 86.066207886
0.132053629 0.029289907 0.990809798 2.938390732 0.012875336 0.999428391 -0.031260692 -1.031387925 -0.991158962 0.016885096 0.131601065 86.119804382
0.116513364 0.026308712 0.992840648 3.373072624 0.010439894 0.999561429 -0.027711960 -1.042243958 -0.993134320 0.013593966 0.116187595 86.165832520
0.101881877 0.023197791 0.994526088 3.843653679 0.010317549 0.999649644 -0.024374260 -1.061854124 -0.994743109 0.012744365 0.101606824 86.207847595
0.088750131 0.020244874 0.995848179 4.304461002 0.011775929 0.999702215 -0.021372700 -1.083574533 -0.995984375 0.013623871 0.088485301 86.236663818
0.077290550 0.019316992 0.996821523 4.796096802 0.015336508 0.999670982 -0.020561360 -1.098380208 -0.996890724 0.016876960 0.076968879 86.259117126
0.067087136 0.019631201 0.997553945 5.290733337 0.018813444 0.999603868 -0.020936770 -1.116104960 -0.997569740 0.020172019 0.066691235 86.285034180
0.059305001 0.020165393 0.998036206 5.819692612 0.020775519 0.999554455 -0.021430587 -1.128923297 -0.998023748 0.022005668 0.058859654 86.308036804
0.053530861 0.020460127 0.998356581 6.342119694 0.022648267 0.999507964 -0.021698104 -1.145855427 -0.998309374 0.023772562 0.053041145 86.332534790
0.048010662 0.021603329 0.998613119 6.900976658 0.024034653 0.999451578 -0.022776987 -1.159876585 -0.998557746 0.025094856 0.047465101 86.352928162
0.042180732 0.022180254 0.998863816 7.464574337 0.024443842 0.999431372 -0.023225091 -1.176699162 -0.998811007 0.025395717 0.041614573 86.373481750
0.037838824 0.022087136 0.999039829 8.067039490 0.027117521 0.999364793 -0.023121409 -1.193706870 -0.998915911 0.027966371 0.037215833 86.390647888
0.034838557 0.022099877 0.999148607 8.661035538 0.028415451 0.999329269 -0.023094673 -1.210403085 -0.998988926 0.029195847 0.034187220 86.406250000
0.031799790 0.021668868 0.999259353 9.299055099 0.029513476 0.999308527 -0.022609156 -1.227244616 -0.999058425 0.030210581 0.031138282 86.423583984
0.029472662 0.020815978 0.999348879 9.928678513 0.030768722 0.999290466 -0.021722192 -1.247814298 -0.999091983 0.031388897 0.028811270 86.439262390
0.028736765 0.020659719 0.999373496 10.606546402 0.035328075 0.999140799 -0.021670757 -1.264316797 -0.998962581 0.035928696 0.027982213 86.452888489
0.029642373 0.019999349 0.999360502 11.265993118 0.038591146 0.999031425 -0.021137429 -1.285760164 -0.998815358 0.039193030 0.028841870 86.469375610
0.032034364 0.020066408 0.999285340 11.970176697 0.040489990 0.998951614 -0.021357704 -1.301137805 -0.998666286 0.041145239 0.031188296 86.489608765
0.035852429 0.019831439 0.999160409 12.669165611 0.042753231 0.998857319 -0.021359522 -1.322863698 -0.998442292 0.043483123 0.034963608 86.515396118
0.040070076 0.019433372 0.999007940 13.408752441 0.043053538 0.998848736 -0.021157151 -1.341006756 -0.998268962 0.043858595 0.039187279 86.547309875
0.044204161 0.018128691 0.998857975 14.139707565 0.044465110 0.998808801 -0.020095587 -1.356554985 -0.998032570 0.045302641 0.043345403 86.578018188
0.048070598 0.016534122 0.998707056 14.903414726 0.043983173 0.998858094 -0.018653663 -1.374966145 -0.997875094 0.044822995 0.047288485 86.619926453
0.052239325 0.014622867 0.998527467 15.687631607 0.040940944 0.999020755 -0.016771972 -1.393926382 -0.997794986 0.041756824 0.051589500 86.666580200
0.056367759 0.013165778 0.998323321 16.453611374 0.040624864 0.999054730 -0.015469204 -1.414361835 -0.997583270 0.041428719 0.055779621 86.710159302
0.060425460 0.014261109 0.998070836 17.253669739 0.037811790 0.999147594 -0.016565705 -1.431820154 -0.997456372 0.038739849 0.059834715 86.770118713
0.063222155 0.018228501 0.997833073 18.047407150 0.035778668 0.999149084 -0.020519460 -1.458472848 -0.997357965 0.036998436 0.062516168 86.828063965
0.065379277 0.022638908 0.997603714 18.835445404 0.030927528 0.999216318 -0.024702381 -1.488425136 -0.997381151 0.032468438 0.064627886 86.875175476
0.065210387 0.025988590 0.997533143 19.644144058 0.028298689 0.999210536 -0.027882226 -1.508790731 -0.997470319 0.030047083 0.064423464 86.931564331
0.065545395 0.025088977 0.997534156 20.456171036 0.026128657 0.999297857 -0.026850183 -1.545816898 -0.997507513 0.027824137 0.064843841 86.986297607
0.065347590 0.024346927 0.997565567 21.251777649 0.022357453 0.999415576 -0.025856657 -1.564222574 -0.997612178 0.023992689 0.064765073 87.052665710
0.065176897 0.023223883 0.997603536 22.071647644 0.023103664 0.999425948 -0.024775757 -1.593778610 -0.997606397 0.024663096 0.064602941 87.111320496
0.065450855 0.022503296 0.997601986 22.863500595 0.020855796 0.999496281 -0.023914341 -1.625066280 -0.997637808 0.022371003 0.064948574 87.169868469
0.065532796 0.022886680 0.997587860 23.676149368 0.019049536 0.999525905 -0.024182532 -1.654659033 -0.997668624 0.020588335 0.065065756 87.230186462
0.065321818 0.023373954 0.997590423 24.488254547 0.015780350 0.999576271 -0.024453778 -1.687955856 -0.997739553 0.017339695 0.064925298 87.295364380
0.064567968 0.024315292 0.997617066 25.268459320 0.014118538 0.999580741 -0.025276942 -1.717748404 -0.997813523 0.015716977 0.064197615 87.340545654
0.061741870 0.023829099 0.997807682 26.080760956 0.010897031 0.999639213 -0.024547122 -1.749603510 -0.998032749 0.012388723 0.061459955 87.398040771
0.057680227 0.022641391 0.998078406 26.892124176 0.008468233 0.999695718 -0.023167470 -1.778712988 -0.998299301 0.009788264 0.057470955 87.455596924
0.053341873 0.020972624 0.998356104 27.670944214 0.006543683 0.999750614 -0.021351540 -1.800807476 -0.998554885 0.007671857 0.053191327 87.487831116
0.047509782 0.018675480 0.998696268 28.486524582 0.004449212 0.999811351 -0.018907985 -1.830510259 -0.998860836 0.005341727 0.047417723 87.527503967
0.039496850 0.019076737 0.999037683 29.290319443 0.003813318 0.999807656 -0.019242197 -1.857197523 -0.999212384 0.004569654 0.039416499 87.564117432
0.031312443 0.019145049 0.999326229 30.052766800 0.003055676 0.999810040 -0.019250063 -1.891822815 -0.999504983 0.003656384 0.031247998 87.579437256
0.020966493 0.019586401 0.999588370 30.855487823 0.003318572 0.999801278 -0.019660180 -1.914355993 -0.999774694 0.003729412 0.020897325 87.600730896
0.010680294 0.018746486 0.999767184 31.661231995 0.005749193 0.999806583 -0.018808642 -1.937695026 -0.999926507 0.005948738 0.010570453 87.611038208
0.000462041 0.018177679 0.999834716 32.407905579 0.004080979 0.999826372 -0.018179415 -1.963772297 -0.999991655 0.004088706 0.000387780 87.597869873
-0.010892318 0.017676512 0.999784529 33.194324493 0.005359235 0.999830365 -0.017618937 -1.986155272 -0.999926448 0.005166170 -0.010985202 87.589569092
-0.021683412 0.017701961 0.999608099 33.959144592 0.005703502 0.999829113 -0.017582152 -2.012882948 -0.999748588 0.005320027 -0.021780666 87.569152832
-0.032796323 0.018321358 0.999294102 34.738452911 0.005919958 0.999817967 -0.018136671 -2.036407948 -0.999444485 0.005320963 -0.032898810 87.543228149
-0.043235794 0.019316373 0.998878121 35.490375519 0.005788996 0.999801159 -0.019083647 -2.061956882 -0.999048173 0.004957405 -0.043339018 87.508583069
-0.053692460 0.020479947 0.998347461 36.254810333 0.006303904 0.999776781 -0.020170232 -2.084451675 -0.998537660 0.005210498 -0.053809576 87.468193054
-0.062989093 0.021218354 0.997788608 36.999011993 0.007519887 0.999755621 -0.020785464 -2.109725475 -0.997985959 0.006194001 -0.063133247 87.413612366
-0.072671853 0.021602988 0.997121871 37.757099152 0.007816575 0.999747038 -0.021090178 -2.137605190 -0.997325361 0.006261416 -0.072822310 87.355972290
-0.081757277 0.022046842 0.996408403 38.478408813 0.008928174 0.999731243 -0.021387801 -2.160012960 -0.996612489 0.007147500 -0.081932142 87.291709900
-0.090489767 0.021762103 0.995659590 39.208782196 0.009673983 0.999733150 -0.020971932 -2.183768988 -0.995850563 0.007734247 -0.090676151 87.227523804
-0.098051831 0.020788061 0.994964123 39.929458618 0.011113376 0.999742150 -0.019792693 -2.206138611 -0.995119452 0.009116701 -0.098257586 87.158142090
-0.103070520 0.019119384 0.994490445 40.641761780 0.014586476 0.999736726 -0.017708492 -2.232346058 -0.994567335 0.012680881 -0.103322275 87.071784973
-0.107128568 0.017695544 0.994087815 41.344764709 0.017291510 0.999723494 -0.015932439 -2.253418684 -0.994094968 0.015482455 -0.107404947 86.995521545
-0.109529562 0.016452871 0.993847430 42.036132812 0.019761499 0.999701440 -0.014371916 -2.276512146 -0.993787110 0.018065758 -0.109821983 86.912002563
-0.111476652 0.015741143 0.993642509 42.716705322 0.019520732 0.999716341 -0.013647343 -2.295262098 -0.993575394 0.017875260 -0.111752294 86.840377808
-0.111767545 0.015880916 0.993607581 43.376945496 0.020622965 0.999693990 -0.013658396 -2.318367481 -0.993520558 0.018964566 -0.112060860 86.760658264
-0.111030027 0.016975459 0.993672132 44.028778076 0.020926423 0.999672353 -0.014739713 -2.336724758 -0.993596852 0.019157449 -0.111348875 86.692848206
-0.108183227 0.018278245 0.993962944 44.657550812 0.021914836 0.999631882 -0.015997278 -2.359496593 -0.993889511 0.020051898 -0.108543977 86.629028320
-0.102682322 0.019118169 0.994530439 45.264472961 0.022955416 0.999594569 -0.016845442 -2.379348278 -0.994449377 0.021100134 -0.103079565 86.563117981
-0.094880588 0.019696970 0.995293856 45.859622955 0.022229090 0.999596834 -0.017663049 -2.400660515 -0.995240629 0.020448595 -0.095280170 86.515266418
-0.083959311 0.019834790 0.996271789 46.436531067 0.021068497 0.999613702 -0.018125813 -2.420477629 -0.996246636 0.019468118 -0.084344760 86.479339600
-0.070529342 0.020285597 0.997303426 46.991703033 0.019945130 0.999622047 -0.018922238 -2.441006899 -0.997310400 0.018556776 -0.070907280 86.455474854
-0.053738184 0.020977695 0.998334765 47.543979645 0.018949127 0.999620676 -0.019984731 -2.474417210 -0.998375416 0.017843626 -0.054115310 86.449317932
-0.032393910 0.024131961 0.999183834 48.048103333 0.018682055 0.999548376 -0.023535086 -2.479063034 -0.999300718 0.017904408 -0.032830127 86.443870544
-0.008251652 0.027288049 0.999593616 48.568565369 0.016454982 0.999495864 -0.027149549 -2.500069857 -0.999830663 0.016224260 -0.008696513 86.467605591
0.019486308 0.029255986 0.999382079 49.083728790 0.014383572 0.999460042 -0.029538730 -2.519232273 -0.999706745 0.014950280 0.019054987 86.508613586
0.052860606 0.028383274 0.998198509 49.599746704 0.012014209 0.999505401 -0.029056665 -2.543390512 -0.998529673 0.013528515 0.052493457 86.551025391
0.090091713 0.026903167 0.995570064 50.096035004 0.010756930 0.999550402 -0.027984155 -2.554933310 -0.995875418 0.013230417 0.089761823 86.624839783
0.129475176 0.025168190 0.991263330 50.589721680 0.010895436 0.999581397 -0.026802516 -2.538926601 -0.991522968 0.014270504 0.129146740 86.754768372
0.173911542 0.021314785 0.984530687 51.074878693 0.008205340 0.999699652 -0.023092620 -2.552818298 -0.984727144 0.012094483 0.173684418 86.879043579
0.221174374 0.018530531 0.975058258 51.549762726 0.003825819 0.999795318 -0.019868469 -2.565583944 -0.975226879 0.008124791 0.221058220 87.032371521
0.273801684 0.015576710 0.961660087 52.028438568 -0.000165222 0.999869645 -0.016148582 -2.599824905 -0.961786330 0.004262620 0.273768604 87.190376282
0.327784628 0.015638046 0.944623053 52.476989746 -0.001429426 0.999870062 -0.016056642 -2.614512920 -0.944751561 0.003912848 0.327764422 87.386718750
0.378003716 0.017235594 0.925643682 52.866989136 0.000207347 0.999825120 -0.018701533 -2.617485046 -0.925804138 0.007261178 0.377934039 87.674804688
0.437345505 0.021098588 0.899046123 53.274627686 0.000491056 0.999719024 -0.023700027 -2.629907608 -0.899293602 0.010806580 0.437212318 87.924644470
0.496200532 0.025558053 0.867831707 53.664726257 0.000800763 0.999552727 -0.029895153 -2.641247988 -0.868207693 0.015528915 0.495958179 88.204933167
0.553871810 0.030485801 0.832043648 54.025199890 -0.003508348 0.999405980 -0.034282476 -2.648230553 -0.832594693 0.016068999 0.553649843 88.514320374
0.608362913 0.032220189 0.793004632 54.346595764 -0.002985280 0.999261379 -0.038310315 -2.637537479 -0.793653488 0.020939233 0.608009934 88.848724365
0.661148369 0.034698140 0.749452531 54.660110474 -0.005719884 0.999134004 -0.041211959 -2.641083002 -0.750233591 0.022960436 0.660774291 89.199020386
0.710288644 0.035192952 0.703030407 54.950309753 -0.007822149 0.999082267 -0.042110097 -2.641539097 -0.703867316 0.024411106 0.709912241 89.562713623
0.755969763 0.033341527 0.653757095 55.207592010 -0.011165401 0.999213457 -0.038048696 -2.644985676 -0.654511511 0.021464199 0.755747437 89.932548523
0.798068345 0.029733932 0.601833105 55.442661285 -0.013091899 0.999401629 -0.032015368 -2.647860527 -0.602424860 0.017671309 0.797980130 90.326316833
0.837012649 0.024458174 0.546636820 55.724559784 -0.011462932 0.999565065 -0.027171457 -2.650035620 -0.547063649 0.016476793 0.836928964 90.776123047
0.869217157 0.021893727 0.493945807 55.916709900 -0.013342015 0.999693930 -0.020832073 -2.653611183 -0.494250804 0.011517359 0.869243205 91.206756592
0.895840645 0.023126006 0.443773597 56.087455750 -0.018010225 0.999713898 -0.015740231 -2.664034605 -0.444010675 0.006108272 0.896000803 91.644683838
0.917923808 0.023512049 0.396059513 56.262283325 -0.021053711 0.999722660 -0.010553518 -2.693953037 -0.396197855 0.001348799 0.918164372 92.076683044
0.934099376 0.029516270 0.355791211 56.405029297 -0.028567271 0.999560356 -0.007922135 -2.705513954 -0.355868757 -0.002763922 0.934531987 92.523605347
0.947833538 0.030013531 0.317350060 56.585815430 -0.028618481 0.999549389 -0.009057684 -2.689516544 -0.317478865 -0.000496900 0.948265374 93.013488770
0.957563043 0.032511685 0.286384672 56.703071594 -0.031093581 0.999471366 -0.009499235 -2.689898968 -0.286542118 0.000191391 0.958067834 93.479019165
0.964106262 0.028340142 0.264000475 56.826683044 -0.026623644 0.999594748 -0.010078192 -2.691549063 -0.264179140 0.002687794 0.964470088 93.953178406
0.968099535 0.024614355 0.249354333 56.929935455 -0.023171006 0.999693453 -0.008722423 -2.710236073 -0.249492586 0.002666384 0.968373120 94.433998108
0.971201122 0.027922574 0.236619860 57.036254883 -0.026427805 0.999605715 -0.009487183 -2.711861134 -0.236791506 0.002960619 0.971556067 94.923957825
0.974168181 0.029765898 0.223853722 57.187572479 -0.028386848 0.999552965 -0.009376763 -2.697625875 -0.224032804 0.002780040 0.974577725 95.395042419
0.975242734 0.037755035 0.217890829 57.282096863 -0.036220662 0.999282837 -0.011033170 -2.701099873 -0.218151182 0.002867868 0.975910902 95.905822754
0.975464523 0.043998141 0.215715617 57.375679016 -0.041856665 0.999018610 -0.014487900 -2.713735580 -0.216141388 0.005103297 0.976348817 96.420333862
0.975463212 0.045986254 0.215306267 57.482177734 -0.043322217 0.998915136 -0.017078619 -2.730978012 -0.215858132 0.007332021 0.976397336 96.947860718
0.974919200 0.045461789 0.217866480 57.601573944 -0.041943453 0.998904526 -0.020748954 -2.748231649 -0.218571097 0.011090481 0.975758135 97.487869263
0.974426031 0.044114873 0.220336318 57.754058838 -0.039218880 0.998877883 -0.026547953 -2.762718201 -0.221260265 0.017227672 0.975062668 98.004127502
0.973402143 0.044651568 0.224710569 57.881156921 -0.038531158 0.998759091 -0.031551082 -2.774138927 -0.225840539 0.022053530 0.973914742 98.567321777
0.972113967 0.049516927 0.229222268 58.005012512 -0.043426674 0.998558581 -0.031540949 -2.786750317 -0.230453685 0.020707037 0.972863019 99.148178101
0.970573843 0.051437266 0.235246077 58.133308411 -0.046140343 0.998543262 -0.027969554 -2.802385569 -0.236342028 0.016292183 0.971533418 99.721412659
0.969597995 0.048948299 0.239758313 58.286979675 -0.044484332 0.998721898 -0.023998432 -2.813782692 -0.240626574 0.012603345 0.970535994 100.315475464
0.968727648 0.044856433 0.244038329 58.438934326 -0.041536484 0.998961329 -0.018735988 -2.829742908 -0.244625285 0.008013574 0.969584703 100.929695129
0.967853069 0.042669293 0.247870699 58.596786499 -0.040417496 0.999082446 -0.014168439 -2.846801281 -0.248247832 0.003694650 0.968689620 101.557365417
0.967246115 0.037874039 0.250999540 58.761421204 -0.035614163 0.999273837 -0.013541375 -2.863362789 -0.251330167 0.004158701 0.967892587 102.186363220
0.967247367 0.034330294 0.251503617 58.918678284 -0.031489313 0.999386728 -0.015313108 -2.893271208 -0.251875162 0.006891887 0.967735291 102.811546326
0.967507899 0.033238906 0.250646442 59.092994690 -0.028689969 0.999351144 -0.021781962 -2.916802645 -0.251207799 0.013883187 0.967833698 103.433059692
0.967624903 0.035196457 0.249926835 59.254955292 -0.028929161 0.999169171 -0.028706973 -2.933866978 -0.250729531 0.020547409 0.967839122 104.092498779
0.968142152 0.038239557 0.247464672 59.416992188 -0.031005368 0.998972178 -0.033065971 -2.946340561 -0.248474747 0.024339823 0.968332648 104.768470764
0.968815863 0.036705669 0.245048225 59.586448669 -0.030554384 0.999116421 -0.028858280 -2.962589264 -0.245890975 0.020471063 0.969081342 105.450683594
0.969283998 0.032847136 0.243741304 59.766136169 -0.028299689 0.999354184 -0.022136111 -2.971849918 -0.244311035 0.014558374 0.969587743 106.138481140
0.969860733 0.033298474 0.241374671 59.938179016 -0.030248201 0.999408841 -0.016332472 -2.994110107 -0.241775870 0.008539069 0.970294714 106.855453491
0.970152199 0.036855001 0.239680022 60.103919983 -0.033830218 0.999287546 -0.016723458 -3.019350290 -0.240125597 0.008115871 0.970708072 107.577392578
0.970572233 0.040668145 0.237351760 60.269557953 -0.036860552 0.999110878 -0.020459771 -3.047094822 -0.237972811 0.011108769 0.971208334 108.289512634
0.971364915 0.042875301 0.233692229 60.437484741 -0.037816796 0.998944044 -0.026086140 -3.066616058 -0.234563902 0.016501676 0.971960664 109.022338867
0.972277880 0.042486407 0.229936838 60.610000610 -0.036774654 0.998900592 -0.029071121 -3.087473631 -0.230919182 0.019809358 0.972771347 109.772399902
0.973219335 0.041001700 0.226193160 60.781738281 -0.035683349 0.998983204 -0.027552972 -3.109259367 -0.227092877 0.018743753 0.973692775 110.538368225
0.974118233 0.037200388 0.222957239 60.955345154 -0.032283511 0.999149263 -0.025658701 -3.135318756 -0.223722085 0.017796764 0.974490583 111.313446045
0.974690259 0.035509598 0.220722198 61.146644592 -0.031113092 0.999242604 -0.023364607 -3.154652834 -0.221384659 0.015905900 0.975057006 112.092407227
0.975061297 0.032530986 0.219538972 61.323829651 -0.028588228 0.999368191 -0.021113161 -3.175777674 -0.220087111 0.014310397 0.975375295 112.890075684
0.975262940 0.027696263 0.219306484 61.503166199 -0.023915330 0.999516189 -0.019876927 -3.196215868 -0.219750911 0.014140440 0.975453675 113.687332153
0.975353062 0.028354241 0.218821079 61.676315308 -0.024836032 0.999514401 -0.018812569 -3.216975212 -0.219248250 0.012914248 0.975583673 114.494293213
0.975349247 0.030762030 0.218512237 61.869647980 -0.027009621 0.999432206 -0.020139590 -3.246944427 -0.219007805 0.013741198 0.975626349 115.301239014
0.975024223 0.036554772 0.219069660 62.042030334 -0.032162186 0.999204278 -0.023585083 -3.270984650 -0.219757557 0.015950266 0.975424170 116.116050720
0.974475861 0.045446187 0.219844535 62.212013245 -0.040912908 0.998846591 -0.025131961 -3.293994427 -0.220733151 0.015496006 0.975211203 116.939338684
0.973517716 0.051424794 0.222752720 62.393440247 -0.047085129 0.998584092 -0.024752920 -3.320360661 -0.223710269 0.013609065 0.974560797 117.776679993
0.972631812 0.054895367 0.225774303 62.571693420 -0.051024131 0.998433709 -0.022950793 -3.345468521 -0.226680577 0.010802732 0.973909318 118.612358093
0.971949935 0.056185223 0.228378877 62.762630463 -0.052185014 0.998360336 -0.023521801 -3.381834745 -0.229326040 0.010944048 0.973288298 119.443946838
0.971468866 0.055106949 0.230676517 62.950321198 -0.050394621 0.998383641 -0.026275232 -3.410860777 -0.231751651 0.013900710 0.972675741 120.268302917
0.971453607 0.049364217 0.232037380 63.150691986 -0.044675503 0.998677969 -0.025421690 -3.436984539 -0.232985601 0.014329597 0.972374737 121.103172302
0.971651554 0.043288391 0.232420996 63.362056732 -0.038120754 0.998916805 -0.026681861 -3.474804878 -0.233324260 0.017065408 0.972249269 121.938720703
0.971538544 0.040782310 0.233344615 63.567207336 -0.035527982 0.999012470 -0.026678275 -3.506350517 -0.234202236 0.017628709 0.972028136 122.787605286
0.970977545 0.043928977 0.235102177 63.763149261 -0.039322782 0.998932302 -0.024247060 -3.532275915 -0.235916361 0.014298481 0.971668243 123.632575989
0.970568657 0.045480687 0.236491263 63.957927704 -0.042208780 0.998930216 -0.018882405 -3.555171490 -0.237097099 0.008344660 0.971450329 124.479866028
0.970027804 0.049606454 0.237876415 64.147232056 -0.047609527 0.998766005 -0.014136241 -3.594796896 -0.238284081 0.002387365 0.971192718 125.322341919
0.969781995 0.050251186 0.238742054 64.350372314 -0.046924558 0.998706222 -0.019600911 -3.630068541 -0.239418164 0.007805742 0.970885217 126.137031555
0.970025599 0.046513483 0.238509655 64.548500061 -0.039702944 0.998657167 -0.033282269 -3.667429447 -0.239737421 0.022815116 0.970569730 126.951492310
