4825.860874891 1.000000000 0.000000000 0.000000000 0.000000000 0.000000000 1.000000000 0.000000000 0.000000000 0.000000000 0.000000000 1.000000000 0.000000000
4825.960112810 0.999995291 0.003045779 -0.000313691 -0.017118894 -0.003045177 0.999993503 0.001899621 -0.017972372 0.000319475 -0.001898657 0.999998152 0.991694331
4826.060037136 0.999984145 0.005491901 -0.001216341 -0.027334586 -0.005488934 0.999981999 0.002428692 -0.041330248 0.001229657 -0.002421977 0.999996305 1.976450324
4826.160155535 0.999974370 0.006773212 -0.002332700 -0.037980337 -0.006772537 0.999976993 0.000297531 -0.065030284 0.002334662 -0.000281725 0.999997258 2.946713924
4826.260089874 0.999971449 0.006674308 -0.003545564 -0.052403115 -0.006685096 0.999973059 -0.003040025 -0.084972024 0.003525178 0.003063641 0.999989033 3.914746046
4826.360058308 0.999971926 0.005904524 -0.004600229 -0.064328700 -0.005930218 0.999966800 -0.005591962 -0.107605681 0.004567059 0.005619086 0.999973774 4.889883518
4826.460073948 0.999966323 0.005845260 -0.005780105 -0.079410389 -0.005886874 0.999956667 -0.007208905 -0.136852622 0.005737717 0.007242688 0.999957263 5.847804070
4826.560039997 0.999962270 0.004563405 -0.007384388 -0.091172189 -0.004613460 0.999966383 -0.006775748 -0.164864033 0.007353220 0.006809560 0.999949753 6.792881012
4826.660128593 0.999955118 0.002634296 -0.009101225 -0.105854943 -0.002671402 0.999988139 -0.004067249 -0.193066075 0.009090403 0.004091378 0.999950290 7.740380764
4826.760011673 0.999938130 0.002909323 -0.010738439 -0.119232900 -0.002916096 0.999995470 -0.000615151 -0.215839416 0.010736601 0.000646428 0.999942124 8.691510201
4826.860044479 0.999919713 0.004837536 -0.011712293 -0.140174493 -0.004830306 0.999988079 0.000645619 -0.238053828 0.011715277 -0.000588993 0.999931216 9.628094673
4826.960057974 0.999911726 0.005185228 -0.012231271 -0.156380579 -0.005189078 0.999986589 -0.000283107 -0.264362335 0.012229635 0.000346551 0.999925137 10.566120148
4827.060086012 0.999906123 0.006603392 -0.012007737 -0.178325653 -0.006642556 0.999972761 -0.003224546 -0.287738115 0.011986115 0.003304005 0.999922633 11.474006653
4827.160110474 0.999897838 0.007919320 -0.011896088 -0.196291715 -0.007979502 0.999955535 -0.005019983 -0.311912745 0.011855804 0.005114395 0.999916553 12.388173103
4827.260379791 0.999880373 0.010692212 -0.011169447 -0.216329113 -0.010771558 0.999917030 -0.007068127 -0.335298657 0.011092947 0.007187594 0.999912620 13.291810036
4827.360158443 0.999859214 0.012982052 -0.010624896 -0.234943271 -0.013084073 0.999868393 -0.009589612 -0.369708121 0.010499007 0.009727282 0.999897599 14.191078186
4827.460127115 0.999806821 0.016936565 -0.009973337 -0.254546404 -0.017014572 0.999825001 -0.007789555 -0.392847031 0.009839662 0.007957743 0.999919951 15.095506668
4827.560156107 0.999806881 0.017370407 -0.009188222 -0.269997060 -0.017393744 0.999845564 -0.002465904 -0.410843074 0.009143971 0.002625246 0.999954700 15.987514496
4827.660175800 0.999861002 0.014116827 -0.008871188 -0.274480879 -0.014072393 0.999888182 0.005051340 -0.433735341 0.008941506 -0.004925798 0.999947906 16.882074356
4827.760249376 0.999865949 0.014455319 -0.007679975 -0.285585046 -0.014417988 0.999884009 0.004894381 -0.456067532 0.007749834 -0.004782996 0.999958515 17.761154175
4827.860145092 0.999835670 0.016686829 -0.007075860 -0.299695194 -0.016688107 0.999860704 -0.000122260 -0.477398008 0.007072834 0.000240322 0.999974966 18.623859406
4827.960159540 0.999844670 0.016163737 -0.007019389 -0.313391328 -0.016203955 0.999852359 -0.005710999 -0.500221014 0.006926041 0.005823853 0.999959052 19.480718613
4828.060180902 0.999880672 0.013907726 -0.006703791 -0.318559349 -0.013960226 0.999871731 -0.007849170 -0.524414241 0.006593768 0.007941822 0.999946654 20.337862015
4828.160063982 0.999878347 0.014364241 -0.006081435 -0.329562366 -0.014412549 0.999864280 -0.007975885 -0.549470067 0.005966044 0.008062565 0.999949694 21.179689407
4828.260149479 0.999853134 0.016252212 -0.005431321 -0.340972841 -0.016294435 0.999836624 -0.007822560 -0.579380393 0.005303300 0.007909914 0.999954641 22.010871887
4828.360049963 0.999809921 0.018858423 -0.004942746 -0.361359000 -0.018900145 0.999784946 -0.008535550 -0.604698479 0.004780717 0.008627344 0.999951363 22.837944031
4828.460058451 0.999815524 0.018703397 -0.004371420 -0.370080501 -0.018741835 0.999784529 -0.008922862 -0.631278992 0.004203592 0.009003145 0.999950647 23.642925262
4828.559964895 0.999824882 0.018217340 -0.004284738 -0.375626236 -0.018245898 0.999810934 -0.006722481 -0.652004540 0.004161462 0.006799483 0.999968231 24.449460983
4828.660110235 0.999826849 0.018263891 -0.003547214 -0.383415818 -0.018274242 0.999828756 -0.002907925 -0.671997666 0.003493497 0.002972245 0.999989510 25.236032486
4828.760086060 0.999803483 0.019555926 -0.003217665 -0.393026710 -0.019552020 0.999808013 0.001240933 -0.697892010 0.003241315 -0.001177778 0.999994099 26.014759064
4828.860191345 0.999778986 0.020913437 -0.002142566 -0.401693970 -0.020908289 0.999778628 0.002398462 -0.714449644 0.002192251 -0.002353135 0.999994814 26.763404846
4828.960183144 0.999769211 0.021427449 -0.001559620 -0.407120883 -0.021424202 0.999768317 0.002071846 -0.729419172 0.001603654 -0.002037954 0.999996662 27.510763168
4829.060171604 0.999775112 0.021184135 -0.000926818 -0.414358050 -0.021183720 0.999775529 0.000456557 -0.747891247 0.000936281 -0.000436821 0.999999523 28.239095688
4829.160144567 0.999811411 0.019419227 -0.000307615 -0.414094090 -0.019419698 0.999810040 -0.001606680 -0.767892063 0.000276356 0.001612352 0.999998689 28.951097488
4829.261044264 0.999819815 0.018981200 0.000126111 -0.416329592 -0.018980535 0.999811769 -0.004024877 -0.788992465 -0.000202485 0.004021758 0.999991894 29.659246445
4829.360136271 0.999798775 0.020042460 0.000813257 -0.422189951 -0.020036705 0.999777734 -0.006555814 -0.805878043 -0.000944471 0.006538201 0.999978185 30.353788376
4829.460211754 0.999786556 0.020614544 0.001323301 -0.425611407 -0.020606058 0.999768853 -0.006134203 -0.821247518 -0.001449449 0.006105626 0.999980330 31.048406601
4829.560079336 0.999801278 0.019873844 0.001557861 -0.428959399 -0.019867683 0.999795079 -0.003877378 -0.839087546 -0.001634600 0.003845656 0.999991298 31.728054047
4829.660129547 0.999823630 0.018659022 0.002181649 -0.430979401 -0.018655200 0.999824405 -0.001760235 -0.856285691 -0.002214110 0.001719226 0.999996066 32.406467438
4829.760080814 0.999835849 0.017914403 0.002711397 -0.432337999 -0.017914897 0.999839425 0.000157087 -0.874849558 -0.002708148 -0.000205636 0.999996305 33.065109253
4829.860104084 0.999856591 0.016673246 0.003004284 -0.430680573 -0.016671747 0.999860883 -0.000525003 -0.892618835 -0.003012620 0.000474841 0.999995351 33.723152161
4829.960084915 0.999862254 0.016214058 0.003530661 -0.433421642 -0.016205505 0.999865711 -0.002438030 -0.908506513 -0.003569718 0.002380478 0.999990821 34.359451294
4830.060148001 0.999873817 0.015484234 0.003547225 -0.434919149 -0.015470765 0.999873102 -0.003794220 -0.927663922 -0.003605526 0.003738862 0.999986529 34.981548309
4830.160159349 0.999897957 0.013772040 0.003804128 -0.428472430 -0.013750903 0.999890149 -0.005527388 -0.942398608 -0.003879835 0.005474513 0.999977469 35.600341797
4830.260098219 0.999904454 0.013322541 0.003691304 -0.428439796 -0.013298439 0.999890506 -0.006479347 -0.962247252 -0.003777222 0.006429639 0.999972224 36.200046539
4830.360098124 0.999922693 0.011866047 0.003712858 -0.435641170 -0.011844978 0.999913871 -0.005646192 -0.981502533 -0.003779537 0.005601776 0.999977171 36.790298462
4830.460142374 0.999958694 0.008562672 0.003044519 -0.423428774 -0.008548980 0.999953508 -0.004482174 -0.993961871 -0.003082756 0.004455961 0.999985278 37.380065918
4830.560113907 0.999911427 0.013053556 0.002603809 -0.433712751 -0.013047410 0.999912083 -0.002363449 -1.011086822 -0.002634431 0.002329266 0.999993801 37.954597473
4830.660021067 0.999887764 0.014785700 0.002400812 -0.441608042 -0.014778579 0.999886513 -0.002958039 -1.028394103 -0.002444276 0.002922227 0.999992728 38.516956329
4830.759996176 0.999889791 0.014779278 0.001416070 -0.442472011 -0.014771224 0.999875486 -0.005537824 -1.046615601 -0.001497738 0.005516296 0.999983668 39.038215637
4830.859982729 0.999910295 0.013385931 0.000416333 -0.444970399 -0.013380094 0.999840915 -0.011787895 -1.067522883 -0.000574058 0.011781269 0.999930441 39.569000244
4830.959967375 0.999973238 0.007196897 -0.001319432 -0.437435985 -0.007219412 0.999813080 -0.017937174 -1.086847305 0.001190093 0.017946219 0.999838173 40.085697174
4831.060645819 0.999985576 0.005227576 -0.001222248 -0.437478513 -0.005249500 0.999811709 -0.018680550 -1.096260667 0.001124364 0.018686697 0.999824703 40.619583130
4831.160087824 0.999998569 0.001264227 -0.001119063 -0.436062574 -0.001276414 0.999939144 -0.010957563 -1.105277777 0.001105143 0.010958977 0.999939263 41.139148712
4831.260096788 0.999962091 0.008578899 -0.001488451 -0.449917644 -0.008585691 0.999952495 -0.004618605 -1.112000585 0.001448758 0.004631212 0.999988139 41.669052124
4831.360107422 0.999793530 0.020297859 -0.000960219 -0.472991496 -0.020296834 0.999793410 0.001061562 -1.126889586 0.000981568 -0.001041853 0.999998927 42.184322357
4831.460156918 0.999687374 0.024988765 -0.000799988 -0.480049342 -0.024986004 0.999682367 0.003289277 -1.142563939 0.000881928 -0.003268260 0.999994278 42.704280853
4831.560115099 0.999839425 0.017918339 0.000314892 -0.474255443 -0.017918861 0.999837935 0.001726131 -1.160147190 -0.000283912 -0.001731496 0.999998450 43.222057343
4831.660145521 0.999986827 0.005093069 -0.000760807 -0.455023527 -0.005096314 0.999977589 -0.004325952 -1.175099254 0.000738758 0.004329773 0.999990344 43.728355408
4831.760113955 0.999999285 -0.000881263 -0.000799712 -0.446169108 0.000872387 0.999938726 -0.011031494 -1.186667562 0.000809385 0.011030787 0.999938846 44.230262756
4831.860201836 0.999964774 0.008009278 0.002489516 -0.462681979 -0.007975116 0.999877870 -0.013442012 -1.195343494 -0.002596873 0.013421685 0.999906540 44.740085602
4831.959961414 0.999761999 0.021426296 0.004103247 -0.489267170 -0.021370189 0.999683797 -0.013261086 -1.206800222 -0.004386084 0.013170245 0.999903619 45.259700775
4832.060137033 0.999695599 0.023918696 0.006038340 -0.488676846 -0.023847282 0.999647975 -0.011633507 -1.223352432 -0.006314472 0.011485970 0.999914110 45.775733948
4832.159966707 0.999795258 0.018245453 0.008761921 -0.476519436 -0.018152362 0.999779165 -0.010589139 -1.233925104 -0.008953189 0.010427920 0.999905527 46.309986115
4832.260257721 0.999913931 0.009085652 0.009472627 -0.453449279 -0.008993397 0.999912202 -0.009736873 -1.251032591 -0.009560261 0.009650842 0.999907672 46.835998535
4832.360036850 0.999913931 0.006071272 0.011625077 -0.441767693 -0.005953672 0.999931037 -0.010124166 -1.263780713 -0.011685739 0.010054084 0.999881089 47.368476868
4832.460152388 0.999843478 0.008710735 0.015395449 -0.437644362 -0.008560501 0.999915361 -0.009797441 -1.278052807 -0.015479489 0.009664115 0.999833465 47.892395020
4832.559966564 0.999721467 0.014033929 0.018975124 -0.435538828 -0.013865618 0.999863625 -0.008972649 -1.291437864 -0.019098455 0.008707045 0.999779642 48.411136627
4832.659996510 0.999590874 0.016522061 0.023348065 -0.425386310 -0.016335744 0.999833345 -0.008148483 -1.302593470 -0.023478802 0.007763741 0.999694288 48.930740356
4832.760089159 0.999467790 0.014223555 0.029357629 -0.396371961 -0.014042673 0.999881208 -0.006358420 -1.311207056 -0.029444579 0.005942776 0.999548733 49.457317352
4832.860143185 0.999298096 0.010037028 0.036090683 -0.362813592 -0.009857942 0.999938190 -0.005136599 -1.324542999 -0.036140017 0.004777215 0.999335289 49.979080200
4832.960086823 0.998982966 0.013028593 0.043164071 -0.337779999 -0.012712769 0.999890447 -0.007583318 -1.344259381 -0.043258145 0.007026871 0.999039233 50.487499237
4833.060122967 0.998432577 0.019724244 0.052376460 -0.312035322 -0.019078836 0.999736071 -0.012794018 -1.362869024 -0.052614983 0.011774682 0.998545408 50.993453979
4833.160121202 0.997621953 0.025708711 0.063948184 -0.281023502 -0.024716940 0.999562323 -0.016252292 -1.380936384 -0.064338014 0.014633043 0.997820795 51.486381531
4833.260412931 0.996823013 0.023420852 0.076126032 -0.227144241 -0.022145014 0.999600649 -0.017560791 -1.397261620 -0.076506905 0.015819192 0.996943533 51.979587555
4833.360171556 0.995876253 0.016127329 0.089276530 -0.154259205 -0.014389652 0.999694943 -0.020073522 -1.409626365 -0.089573018 0.018706085 0.995804667 52.467826843
4833.460147619 0.994482458 0.012358797 0.104172662 -0.082499027 -0.010036159 0.999689877 -0.022790793 -1.427664518 -0.104422025 0.021619555 0.994298041 52.947093964
4833.560076237 0.992640615 0.015285962 0.120128900 -0.011134624 -0.012825183 0.999692321 -0.021231025 -1.450766206 -0.120416462 0.019534100 0.992531240 53.427265167
4833.660172701 0.990378857 0.021893091 0.136639759 0.059275150 -0.019641230 0.999648452 -0.017806940 -1.470771670 -0.136981562 0.014951841 0.990460873 53.906539917
4833.760060072 0.987793028 0.025907772 0.153602302 0.149656296 -0.023701323 0.999588192 -0.016178790 -1.490088940 -0.153958172 0.012340721 0.988000274 54.380752563
4833.860134840 0.984944940 0.021423364 0.171535686 0.257503510 -0.018828634 0.999682605 -0.016739370 -1.505915165 -0.171839833 0.013257572 0.985035658 54.845474243
4833.960198402 0.981651068 0.014450861 0.190137535 0.379731178 -0.011407708 0.999788880 -0.017089831 -1.520984173 -0.190344363 0.014607218 0.981608629 55.298904419
4834.060217857 0.977312088 0.011417391 0.211496860 0.510769844 -0.007856692 0.999813139 -0.017668428 -1.541841507 -0.211659074 0.015605902 0.977218986 55.751514435
4834.160177469 0.972418070 0.018470941 0.232512131 0.636260986 -0.014204326 0.999698877 -0.020011155 -1.563885212 -0.232811704 0.016156530 0.972387612 56.204505920
4834.260215998 0.966769934 0.023411306 0.254573762 0.769633293 -0.018300574 0.999580979 -0.022425918 -1.584976554 -0.254992127 0.017021861 0.966793299 56.639148712
4834.360073566 0.960631728 0.020074505 0.277098656 0.929434776 -0.013697374 0.999595344 -0.024930635 -1.608498573 -0.277487040 0.020153632 0.960517883 57.071628571
4834.459559202 0.953875542 0.011149187 0.299995214 1.111218452 -0.002569095 0.999576688 -0.028980037 -1.630940914 -0.300191253 0.026872633 0.953500569 57.495033264
4834.560020924 0.945665002 0.008681372 0.325026691 1.289499283 0.001955785 0.999473512 -0.032386005 -1.653266668 -0.325136781 0.031261992 0.945150137 57.890022278
4834.660441399 0.935936987 0.014046413 0.351887017 1.464363098 -0.001913370 0.999392331 -0.034804028 -1.672839284 -0.352162093 0.031901088 0.935395181 58.286220551
4834.760129213 0.925351679 0.021399014 0.378505349 1.646699905 -0.009002268 0.999364436 -0.034491315 -1.696217537 -0.379002929 0.028509188 0.924956262 58.662437439
4834.860277414 0.913674951 0.024780493 0.405689627 1.840511322 -0.012297622 0.999368250 -0.033347670 -1.718236446 -0.406259626 0.025479918 0.913402379 59.030128479
4834.960092068 0.901692033 0.021101156 0.431863636 2.060483932 -0.007371234 0.999413490 -0.033441570 -1.739347816 -0.432315975 0.026970629 0.901318729 59.366546631
4835.060291052 0.888432980 0.013744785 0.458800793 2.285551071 0.002057984 0.999422371 -0.033925880 -1.766192555 -0.459002078 0.031085074 0.887891233 59.682201385
4835.160240173 0.873331428 0.008429901 0.487053543 2.512792587 0.010516714 0.999290884 -0.036153104 -1.786316633 -0.487012982 0.036695845 0.872623503 59.971595764
4835.260187626 0.855602682 0.010279401 0.517531097 2.734058380 0.010579400 0.999246716 -0.037337705 -1.807795286 -0.517525017 0.037421402 0.854849398 60.252471924
4835.360182047 0.836142421 0.017843967 0.548222005 2.946479797 0.003637074 0.999268353 -0.038072210 -1.827476025 -0.548500240 0.033827715 0.835465789 60.516349792
4835.460171938 0.814255774 0.025148984 0.579961240 3.182016373 -0.002919513 0.999225855 -0.039230697 -1.845672965 -0.580498934 0.030250620 0.813698888 60.776557922
4835.560217619 0.791853487 0.026226912 0.610147595 3.430265427 -0.002332732 0.999199986 -0.039922718 -1.867561221 -0.610706568 0.030189633 0.791281283 61.016601562
4835.660158396 0.769379199 0.022997353 0.638378382 3.693672180 0.003607945 0.999179482 -0.040343408 -1.888110638 -0.638782382 0.033342604 0.768664718 61.238609314
4835.760176182 0.745611966 0.018864825 0.666113198 3.960081100 0.011360453 0.999094069 -0.041011378 -1.908814311 -0.666283429 0.038145926 0.744722188 61.438488007
4835.860152721 0.721313059 0.019108444 0.692345738 4.227649689 0.014786625 0.998966753 -0.042976346 -1.929046869 -0.692451477 0.041236848 0.720284998 61.646011353
4835.960119247 0.697128534 0.021923309 0.716610909 4.503332138 0.016111361 0.998800874 -0.046229705 -1.947123766 -0.716765106 0.043773629 0.695939362 61.843658447
4836.060180664 0.672165632 0.024436703 0.739997327 4.785287857 0.016276427 0.998725951 -0.047765072 -1.967641830 -0.740221798 0.044150554 0.670911551 62.044204712
4836.160088778 0.645964324 0.025949802 0.762926400 5.073389053 0.016139209 0.998734415 -0.047635410 -1.985114336 -0.763196945 0.043083802 0.644728005 62.225967407
4836.260121584 0.618406951 0.025999231 0.785427868 5.381849289 0.016727421 0.998790622 -0.046232302 -2.002805233 -0.785679936 0.041728560 0.617224157 62.410312653
4836.359928370 0.591223776 0.023374090 0.806168735 5.707454681 0.019020716 0.998897851 -0.042911395 -2.021841049 -0.806283176 0.040704146 0.590127528 62.591613770
4836.460175514 0.564740360 0.020676073 0.825009525 6.033582687 0.022993430 0.998903811 -0.040773734 -2.040466785 -0.824948132 0.041996382 0.563645959 62.757572174
4836.560179472 0.539794803 0.018625824 0.841590524 6.377429962 0.027269827 0.998843610 -0.039596923 -2.062802792 -0.841354728 0.044324253 0.538662732 62.927322388
4836.660274506 0.516953826 0.018097002 0.855821967 6.729345322 0.029479751 0.998807013 -0.038927589 -2.083279133 -0.855505526 0.045353182 0.515803635 63.089393616
4836.760110617 0.495139480 0.018435705 0.868617833 7.090536118 0.029972631 0.998817265 -0.038284421 -2.107702255 -0.868296325 0.044990893 0.494001359 63.259170532
4836.860191584 0.474025220 0.020990027 0.880261064 7.459964752 0.029208003 0.998790801 -0.039545063 -2.127655506 -0.880026698 0.044456027 0.472838908 63.423778534
4836.960199118 0.452346832 0.022777762 0.891551137 7.839874268 0.030399781 0.998699069 -0.040939182 -2.146515846 -0.891323805 0.045621675 0.451065898 63.581840515
4837.060259581 0.431807786 0.023711342 0.901653945 8.234821320 0.032740101 0.998583555 -0.041939806 -2.166289330 -0.901371241 0.047630183 0.430419832 63.736927032
4837.160123587 0.413698614 0.024460675 0.910085261 8.641298294 0.034555320 0.998496830 -0.042544797 -2.186948299 -0.909757912 0.049049012 0.412231505 63.888702393
4837.260203362 0.395193309 0.025091905 0.918255210 9.063186646 0.034538396 0.998514116 -0.042149466 -2.209161758 -0.917948425 0.048372246 0.393739492 64.045997620
4837.360274792 0.377650619 0.026337305 0.925573528 9.502019882 0.030452631 0.998701334 -0.040843390 -2.229445696 -0.925447166 0.043610670 0.376358151 64.209609985
4837.460259438 0.360371411 0.026530514 0.932431459 9.953395844 0.026317358 0.998908341 -0.038593262 -2.253921986 -0.932437599 0.038447045 0.359279811 64.372215271
4837.560309649 0.343714416 0.026744565 0.938693225 10.415163040 0.024384828 0.999003112 -0.037391677 -2.278263092 -0.938757598 0.035741933 0.342719585 64.520606995
4837.660299301 0.326133549 0.026817383 0.944943249 10.902322769 0.027557513 0.998902977 -0.037859835 -2.306816339 -0.944921911 0.038387645 0.325036764 64.664505005
4837.760185719 0.307579935 0.026584240 0.951150835 11.407861710 0.030371429 0.998826027 -0.037738141 -2.322950363 -0.951037407 0.040495299 0.306411445 64.785957336
4837.860164642 0.289228588 0.027583331 0.956862569 11.920183182 0.031615701 0.998764336 -0.038347621 -2.349989653 -0.956737816 0.041343112 0.287999094 64.917457581
4837.960011244 0.272655308 0.030389767 0.961631715 12.441520691 0.029612701 0.998762429 -0.039959390 -2.372231483 -0.961655974 0.039371654 0.271417886 65.052177429
4838.060232878 0.257723182 0.032378484 0.965676129 12.987401009 0.026676681 0.998818934 -0.040609311 -2.400498390 -0.965850472 0.036226995 0.256555051 65.187278748
4838.160181046 0.243917182 0.032650501 0.969246268 13.541894913 0.026071969 0.998851001 -0.040208977 -2.430879593 -0.969445527 0.035077814 0.242785677 65.313087463
4838.262377024 0.232251182 0.032377832 0.972116828 14.136518478 0.026288632 0.998871744 -0.039549645 -2.457185745 -0.972300529 0.034741070 0.231137946 65.434890747
4838.360275030 0.222439274 0.030935129 0.974455655 14.728391647 0.027746430 0.998890758 -0.038044542 -2.489254951 -0.974551558 0.035500266 0.221334174 65.551811218
4838.460102558 0.211922348 0.029544866 0.976839721 15.327791214 0.026021725 0.999017954 -0.035860978 -2.514629364 -0.976940036 0.033018798 0.210945472 65.677665710
4838.560171843 0.202967837 0.028477745 0.978771210 15.953529358 0.027691688 0.999010265 -0.034809034 -2.545397043 -0.978793740 0.034168933 0.201978356 65.804153442
4838.660119295 0.195680186 0.026315892 0.980314553 16.580352783 0.030507509 0.998992622 -0.032906879 -2.570471048 -0.980193138 0.036346179 0.194680229 65.920661926
4838.760153532 0.188034147 0.024506629 0.981856704 17.212673187 0.031421810 0.999026835 -0.030952727 -2.601877213 -0.981659651 0.036671881 0.187081099 66.039993286
4838.860095263 0.180937335 0.024346368 0.983193219 17.901538849 0.029712569 0.999102056 -0.030208316 -2.627877712 -0.983045697 0.034679014 0.180051446 66.152030945
4838.960042477 0.173882872 0.024346435 0.984465361 18.574012756 0.028407993 0.999154270 -0.029727312 -2.664412260 -0.984356523 0.033135753 0.173044145 66.269989014
4839.060164928 0.167284653 0.025204765 0.985586345 19.274539948 0.029196220 0.999108016 -0.030506065 -2.693294287 -0.985476255 0.033878598 0.166399509 66.388542175
4839.160151243 0.160954371 0.026088474 0.986616969 19.997509003 0.032992609 0.998949647 -0.031796925 -2.718869209 -0.986410260 0.037668921 0.159924552 66.487976074
4839.260110140 0.155712813 0.027584454 0.987417161 20.714891434 0.034722734 0.998839378 -0.033379223 -2.743897915 -0.987191916 0.039483394 0.154574290 66.593750000
4839.360202312 0.150642157 0.027689472 0.988200486 21.439857483 0.034629460 0.998846412 -0.033266716 -2.779546738 -0.987981677 0.039232213 0.149509504 66.706054688
4839.460096359 0.146213233 0.027193772 0.988879263 22.190031052 0.033021841 0.998930871 -0.032352712 -2.809896946 -0.988701940 0.037385013 0.145158917 66.818855286
4839.560048103 0.143030137 0.026011337 0.989376485 22.955951691 0.033349395 0.998960257 -0.031084485 -2.842921495 -0.989156306 0.037441116 0.142013922 66.923469543
4839.660184860 0.140971407 0.025309876 0.989690006 23.728435516 0.033937652 0.998961985 -0.030381070 -2.877296209 -0.989431798 0.037870623 0.139966086 67.027473450
4839.760046959 0.140315190 0.024909042 0.989793420 24.519031525 0.035438579 0.998916566 -0.030162483 -2.909691572 -0.989472389 0.039309133 0.139280468 67.134246826
4839.860454321 0.139439031 0.025246257 0.989908636 25.317413330 0.036056560 0.998882592 -0.030554062 -2.940647125 -0.989574134 0.039953120 0.138372928 67.252479553
4839.960301399 0.139160499 0.025253184 0.989947796 26.123968124 0.036844343 0.998850584 -0.030659636 -2.977978230 -0.989584088 0.040740591 0.138070166 67.368957520
4840.061146736 0.138335615 0.025246613 0.990063488 26.950353622 0.036501810 0.998865843 -0.030571243 -3.008776903 -0.989712536 0.040368214 0.137257159 67.494499207
4840.160236359 0.137713864 0.024927313 0.990158260 27.783548355 0.036743399 0.998866558 -0.030256912 -3.045697212 -0.989790201 0.040548574 0.136641860 67.610427856
4840.260097742 0.137974590 0.024351055 0.990136385 28.632518768 0.037121627 0.998868108 -0.029738665 -3.081700563 -0.989739776 0.040858638 0.136914447 67.725753784
4840.360084057 0.137678385 0.024009584 0.990185857 29.497930527 0.036983706 0.998884320 -0.029362824 -3.116861343 -0.989786267 0.040663369 0.136636838 67.853164673
4840.460205555 0.137296900 0.024006166 0.990238845 30.358322144 0.037038971 0.998882830 -0.029351171 -3.151509047 -0.989837110 0.040707257 0.136254370 67.978164673
4840.560301781 0.136854842 0.024187138 0.990295768 31.239374161 0.036614567 0.998895228 -0.029457156 -3.190748215 -0.989914179 0.040290605 0.135818049 68.109977722
4840.660221100 0.137063026 0.024231715 0.990265906 32.144474030 0.037625782 0.998851955 -0.029649613 -3.225755215 -0.989847481 0.041323405 0.135993972 68.231559753
4840.760235786 0.138733476 0.024313433 0.990031242 33.052268982 0.038433436 0.998813272 -0.029914804 -3.266352177 -0.989583611 0.042200491 0.137634441 68.364707947
4840.860295534 0.141114563 0.024260316 0.989695907 33.992763519 0.039303567 0.998774171 -0.030086901 -3.304361820 -0.989212692 0.043144275 0.139988065 68.495918274
4840.960157871 0.142955303 0.022906810 0.989464045 34.937961578 0.039877474 0.998786926 -0.028884040 -3.346441269 -0.988925457 0.043586448 0.141868442 68.631752014
4841.060238600 0.144758984 0.021947145 0.989223540 35.883171082 0.039641608 0.998822689 -0.027961109 -3.386054039 -0.988672554 0.043262042 0.143718541 68.776229858
4841.160198450 0.146875814 0.020806821 0.988936067 36.849601746 0.040183745 0.998827934 -0.026982995 -3.425216675 -0.988338530 0.043702301 0.145867616 68.919631958
4841.260289192 0.148169845 0.020863021 0.988741755 37.813629150 0.041316308 0.998773992 -0.027266240 -3.461144924 -0.988098502 0.044891190 0.147126228 69.069313049
4841.360328674 0.149913996 0.021446254 0.988466322 38.786060333 0.041827951 0.998732030 -0.028012747 -3.497970104 -0.987813771 0.045545042 0.148826897 69.224670410
4841.460374832 0.151697114 0.022157686 0.988178790 39.770500183 0.042271722 0.998688579 -0.028882561 -3.541116714 -0.987522721 0.046153411 0.150561512 69.386962891
4841.560294151 0.153773040 0.022755118 0.987844169 40.770233154 0.040771786 0.998737156 -0.029352788 -3.577832699 -0.987264693 0.044789832 0.152651057 69.550277710
4841.660304070 0.155774638 0.022329055 0.987540185 41.779777527 0.040546216 0.998757362 -0.028978445 -3.617397308 -0.986960113 0.044555124 0.154675737 69.731521606
4841.760194302 0.158006042 0.021295227 0.987208486 42.828720093 0.040592916 0.998782218 -0.028041918 -3.655962706 -0.986603439 0.044504464 0.156949192 69.904838562
4841.861836195 0.160894439 0.020279940 0.986763239 43.898323059 0.040560510 0.998808384 -0.027140995 -3.695850372 -0.986137748 0.044390462 0.159880176 70.065467834
4841.960289001 0.164152011 0.019254925 0.986247122 44.936626434 0.041980054 0.998767316 -0.026486564 -3.743223667 -0.985541284 0.045750525 0.163141325 70.245147705
4842.060178518 0.167581812 0.019077202 0.985673487 46.006713867 0.042674594 0.998735249 -0.026585434 -3.788001776 -0.984934032 0.046518460 0.166555822 70.424850464
4842.160194159 0.170901239 0.020036126 0.985084414 47.078849792 0.043325674 0.998673320 -0.027829042 -3.828041792 -0.984335124 0.047435466 0.169806466 70.618202209
4842.260298491 0.174225569 0.020536056 0.984491527 48.158336639 0.043579679 0.998642147 -0.028543532 -3.869914770 -0.983740866 0.047876846 0.173094034 70.822448730
4842.360285997 0.177283183 0.021131396 0.983932912 49.242721558 0.044284485 0.998585522 -0.029425176 -3.910059929 -0.983163059 0.048789553 0.176096648 71.026046753
4842.460261822 0.180633664 0.020631159 0.983334184 50.319694519 0.044698585 0.998574793 -0.029161837 -3.960973263 -0.982534230 0.049221259 0.179454029 71.224998474
4842.560281754 0.183950052 0.019874817 0.982734561 51.407459259 0.046049528 0.998523533 -0.028813764 -4.007047176 -0.981856227 0.050554756 0.182763264 71.436363220
4842.660259247 0.187050968 0.019881772 0.982149005 52.549289703 0.047068965 0.998465419 -0.029176382 -4.055215836 -0.981221914 0.051686209 0.185828149 71.651298523
4842.760174513 0.190377653 0.020159544 0.981503904 53.691116333 0.047989286 0.998402774 -0.029814893 -4.104948044 -0.980537295 0.052777760 0.189106166 71.870040894
4842.860307217 0.194296896 0.020035062 0.980738163 54.825469971 0.048682202 0.998362422 -0.030039677 -4.153141022 -0.979734004 0.053581104 0.193003386 72.096252441
4842.960322380 0.197726607 0.020053534 0.980052054 55.976734161 0.049468406 0.998312712 -0.030407483 -4.197855473 -0.979008138 0.054493982 0.196400940 72.332237244
4843.060375690 0.201320127 0.020256907 0.979315996 57.129825592 0.049858633 0.998278141 -0.030898685 -4.249896049 -0.978255689 0.055047877 0.199963525 72.577400208
4843.160143137 0.204597756 0.020538220 0.978630602 58.277290344 0.049482852 0.998284459 -0.031295836 -4.304080009 -0.977594614 0.054828499 0.203230470 72.840415955
4843.260285616 0.208283097 0.020523962 0.977853179 59.441448212 0.049865395 0.998256683 -0.031573553 -4.360422134 -0.976796627 0.055337261 0.206896558 73.097061157
4843.360232592 0.211351246 0.020488972 0.977195382 60.620834351 0.049407244 0.998278141 -0.031616990 -4.414253235 -0.976160645 0.054962821 0.209974989 73.363143921
4843.460199118 0.214475811 0.019474328 0.976535082 61.840385437 0.049311325 0.998310328 -0.030738790 -4.474332809 -0.975483656 0.054746971 0.213153124 73.626144409
4843.560616016 0.216329277 0.019105364 0.976133525 63.041580200 0.047412563 0.998423278 -0.030049128 -4.530640602 -0.975168526 0.052781496 0.215082318 73.899871826
4843.660362959 0.217490807 0.019971555 0.975857973 64.253768921 0.043835890 0.998581946 -0.030206380 -4.583173752 -0.975077510 0.049347214 0.216306910 74.171859741
4843.760247469 0.216914475 0.021084411 0.975962818 65.460624695 0.041498546 0.998663723 -0.030798173 -4.635885715 -0.975308120 0.047181614 0.215749636 74.442558289
4843.862290621 0.215547115 0.022592308 0.976232052 66.655075073 0.039824136 0.998697221 -0.031905171 -4.692376137 -0.975681007 0.045754664 0.214366555 74.711135864
4843.961014986 0.214818165 0.024317177 0.976351261 67.874023438 0.039905880 0.998636603 -0.033652358 -4.754822254 -0.975838363 0.046191297 0.213554859 74.972282410
4844.060208321 0.213217735 0.025994958 0.976658821 69.104545593 0.039326169 0.998607457 -0.035164580 -4.813126564 -0.976212859 0.045905966 0.211898595 75.253784180
4844.160409927 0.212399945 0.024283310 0.976880968 70.346305847 0.039585967 0.998656690 -0.033431657 -4.874087334 -0.976380646 0.045771658 0.211153343 75.522529602
4844.260258198 0.211313084 0.022291603 0.977164149 71.584854126 0.037115175 0.998835862 -0.030812195 -4.935604095 -0.976713479 0.042778648 0.210239738 75.795112610
4844.360282421 0.209839061 0.021991942 0.977488577 72.833526611 0.034673899 0.998950779 -0.029918307 -4.994858265 -0.977120876 0.040171377 0.208856359 76.070793152
4844.460448742 0.208246157 0.022260075 0.977823079 74.099365234 0.033325300 0.998999000 -0.029839406 -5.049760342 -0.977508485 0.038800191 0.207295865 76.345733643
4844.560208321 0.207001224 0.023431230 0.978060067 75.362266541 0.032980431 0.998977840 -0.030912492 -5.106737137 -0.977784574 0.038655762 0.206016839 76.616424561
4844.660287142 0.205793083 0.022509066 0.978336632 76.624702454 0.034220189 0.998958468 -0.030181738 -5.166512489 -0.977997005 0.039690048 0.204808474 76.882713318
4844.760302067 0.204751298 0.020931158 0.978590190 77.892295837 0.035062268 0.998972774 -0.028703235 -5.226833344 -0.978185773 0.040188625 0.203807101 77.149261475
4844.860208988 0.203053698 0.019930840 0.978964746 79.168037415 0.034850858 0.999012232 -0.027567640 -5.284811020 -0.978547215 0.039715473 0.202158526 77.416191101
4844.960157394 0.201668143 0.021217221 0.979224086 80.427658081 0.033720423 0.999022245 -0.028590813 -5.345273018 -0.978873253 0.038785707 0.200755522 77.681800842
4845.060239792 0.200505152 0.023633828 0.979407549 81.727188110 0.032359879 0.999003649 -0.030731440 -5.408159256 -0.979158163 0.037855323 0.199540615 77.946937561
4845.160158634 0.199082062 0.025040491 0.979662955 83.013046265 0.031150589 0.999006629 -0.031865191 -5.470393181 -0.979487538 0.036860865 0.198104292 78.216369629
4845.260095835 0.197538406 0.023063051 0.980023921 84.308120728 0.033106081 0.998996019 -0.030182555 -5.530416965 -0.979735970 0.038406968 0.196576610 78.481826782
4845.361660719 0.195816368 0.017768005 0.980479598 85.605972290 0.035910834 0.999035299 -0.025276195 -5.592679501 -0.979982793 0.040159330 0.194989413 78.738304138
4845.460229158 0.193857834 0.014244407 0.980926216 86.920494080 0.036645379 0.999091625 -0.021750325 -5.641834259 -0.980344892 0.040162895 0.193159789 79.004898071
4845.560347557 0.191554651 0.015080418 0.981366038 88.208923340 0.036507521 0.999080479 -0.022478607 -5.701851845 -0.980802715 0.040133130 0.190828025 79.264633179
4845.660308123 0.189315543 0.020181764 0.981708884 89.508338928 0.034754638 0.999024570 -0.027239919 -5.757885933 -0.981301069 0.039275870 0.188429460 79.522186279
4845.760303497 0.186884895 0.023891754 0.982091248 90.825637817 0.033004437 0.998987198 -0.030583298 -5.814976692 -0.981827259 0.038128927 0.185907111 79.777992249
4845.860317707 0.184693649 0.022790905 0.982531846 92.146835327 0.032491151 0.999042988 -0.029281503 -5.874017715 -0.982258856 0.037331704 0.183776408 80.031906128
4845.960277557 0.182782888 0.019019110 0.982969463 93.480285645 0.033143666 0.999125302 -0.025494769 -5.933062553 -0.982594490 0.037239213 0.181992695 80.278694153
4846.060363293 0.180776134 0.016645335 0.983383358 94.814193726 0.033504296 0.999172211 -0.023071706 -5.991802216 -0.982953429 0.037118390 0.180068791 80.524505615
4846.160345554 0.178726941 0.017304435 0.983746529 96.131538391 0.033921413 0.999142468 -0.023738097 -6.042428017 -0.983313739 0.037612703 0.177986711 80.771942139
4846.260423183 0.176788568 0.018417614 0.984076500 97.479476929 0.034968182 0.999076188 -0.024980344 -6.107893944 -0.983627498 0.038827613 0.175981179 81.008438110
4846.360384226 0.174578965 0.020131955 0.984437466 98.836341858 0.033589467 0.999087274 -0.026388267 -6.161015511 -0.984070063 0.037673555 0.173743442 81.252792358
4846.460418463 0.172431603 0.020146212 0.984815478 100.202857971 0.034020897 0.999072492 -0.026394591 -6.218092918 -0.984433770 0.038055573 0.171586275 81.498168945
4846.560410738 0.170583352 0.018760132 0.985164642 101.550498962 0.035934292 0.999035299 -0.025246361 -6.277377129 -0.984687805 0.039707806 0.169744641 81.727172852
4846.660336733 0.168643683 0.018621955 0.985501111 102.906402588 0.037548929 0.998974442 -0.025302099 -6.333052635 -0.984961629 0.041271552 0.167771503 81.968811035
4846.760452747 0.166924611 0.018774109 0.985791028 104.256835938 0.040041462 0.998864710 -0.025803350 -6.395698071 -0.985156238 0.043779723 0.165983394 82.201728821
4846.860299110 0.165591344 0.019365611 0.986004293 105.645072937 0.042130630 0.998755455 -0.026691549 -6.455060959 -0.985294104 0.045960862 0.164569408 82.433143616
4846.962354183 0.164327651 0.020390294 0.986195147 107.040718079 0.042630706 0.998705328 -0.027752422 -6.514935493 -0.985484183 0.046602670 0.163245663 82.662902832
4847.062427998 0.163067222 0.021298913 0.986385047 108.426910400 0.042375412 0.998693168 -0.028570097 -6.572818756 -0.985704541 0.046457328 0.161951542 82.893928528
4847.160024166 0.162428126 0.022116106 0.986472487 109.811592102 0.041669380 0.998703182 -0.029251400 -6.635827065 -0.985840142 0.045856949 0.161295891 83.122100830
4847.260531902 0.162379578 0.022627490 0.986468911 111.210807800 0.040170960 0.998756528 -0.029521758 -6.692503452 -0.985910475 0.044421133 0.161268696 83.362380981
4847.360584497 0.162750006 0.021835033 0.986425698 112.612220764 0.038929950 0.998834491 -0.028532749 -6.760457993 -0.985899031 0.043045208 0.161710277 83.595626831
4847.460559845 0.162752986 0.020616092 0.986451447 113.993034363 0.037310410 0.998937964 -0.027032837 -6.819508553 -0.985961139 0.041204579 0.161810949 83.835830688
4847.560426712 0.162855566 0.019178100 0.986463487 115.461578369 0.035586827 0.999046266 -0.025297770 -6.876942635 -0.986007929 0.039224993 0.162017807 84.081298828
4847.660430670 0.162941426 0.018039858 0.986470759 116.875885010 0.034316789 0.999124229 -0.023939570 -6.932247162 -0.986038744 0.037753258 0.162179649 84.322860718
4847.760371208 0.162727684 0.017498987 0.986515820 118.285072327 0.034342129 0.999136388 -0.023387656 -6.987975121 -0.986073196 0.037684869 0.161986202 84.561614990
4847.860440016 0.162623420 0.017451527 0.986533880 119.684364319 0.034155264 0.999144793 -0.023304876 -7.043478966 -0.986096859 0.037485246 0.161888286 84.806228638
4847.960326672 0.162541330 0.017648177 0.986543834 121.074234009 0.034727190 0.999118268 -0.023594713 -7.099042892 -0.986090362 0.038095016 0.161785141 85.037361145
4848.060468197 0.162905678 0.017111365 0.986493230 122.492729187 0.035225429 0.999111235 -0.023147227 -7.157645226 -0.986012578 0.038520463 0.162158176 85.262657166
4848.160335064 0.162524953 0.017182870 0.986554801 123.916397095 0.034331609 0.999144435 -0.023057930 -7.212139130 -0.986106932 0.037617512 0.161796018 85.500373840
4848.260349751 0.162689313 0.017261690 0.986526370 125.357040405 0.034961730 0.999118209 -0.023247600 -7.272584915 -0.986057758 0.038272806 0.161942363 85.728935242
4848.360307693 0.161842346 0.017704433 0.986657739 126.790733337 0.034441266 0.999128580 -0.023577632 -7.324742317 -0.986215353 0.037797607 0.161091551 85.973312378
4848.460603714 0.161013126 0.017251588 0.986801505 128.213623047 0.034319285 0.999144614 -0.023067139 -7.376354694 -0.986355364 0.037580438 0.160283342 86.215026855
4848.560619593 0.160335556 0.016565647 0.986923516 129.643463135 0.034209825 0.999165118 -0.022328854 -7.432693481 -0.986469567 0.037342578 0.159635037 86.452163696
4848.660809517 0.159575626 0.015194423 0.987068772 131.083526611 0.035238806 0.999156535 -0.021077426 -7.492332458 -0.986556530 0.038146570 0.158905640 86.684196472
4848.760354280 0.159696132 0.016162872 0.987034023 132.568603516 0.034622058 0.999159098 -0.021963069 -7.542852402 -0.986558914 0.037680563 0.159002274 86.923141479
4848.860181570 0.157703653 0.015193536 0.987369597 133.984222412 0.035324648 0.999154866 -0.021016978 -7.611616135 -0.986854374 0.038192943 0.157033682 87.161064148
4848.962460995 0.158056930 0.015159198 0.987313628 135.414611816 0.035557661 0.999146223 -0.021033231 -7.670540810 -0.986789584 0.038431007 0.157382965 87.379051208
4849.060364962 0.157753795 0.014903170 0.987366021 136.874130249 0.035620995 0.999149442 -0.020772278 -7.722752094 -0.986835718 0.038447864 0.157088742 87.619247437
4849.160237074 0.157606259 0.015359825 0.987382591 138.305557251 0.034793071 0.999171853 -0.021096900 -7.774119377 -0.986888826 0.037679080 0.156941295 87.850570679
4849.260307312 0.156805560 0.015154385 0.987513185 139.739669800 0.033804327 0.999214053 -0.020701680 -7.834335327 -0.987050772 0.036628358 0.156170085 88.091598511
4849.360431194 0.156400383 0.015109595 0.987578094 141.217956543 0.033425555 0.999229252 -0.020581380 -7.885223389 -0.987127960 0.036229294 0.155774802 88.329574585
4849.460547447 0.157118857 0.014230254 0.987477124 142.657913208 0.034163885 0.999219418 -0.019835329 -7.941520691 -0.986988604 0.036852561 0.156510025 88.553924561
4849.560410023 0.157727242 0.013645192 0.987388372 144.090484619 0.034502089 0.999217868 -0.019320091 -7.994391441 -0.986879766 0.037114270 0.157133117 88.783744812
4849.660325527 0.158339858 0.013711807 0.987289488 145.509262085 0.035804503 0.999166131 -0.019619023 -8.052145004 -0.986735284 0.038455870 0.157716900 89.016777039
4849.760483980 0.158341363 0.014896966 0.987272024 146.907638550 0.035184603 0.999166012 -0.020719433 -8.107349396 -0.986757338 0.038017511 0.157685131 89.254798889
4849.860455513 0.158439577 0.015926840 0.987240314 148.335403442 0.034445085 0.999172151 -0.021647334 -8.167293549 -0.986767769 0.037435364 0.157759801 89.487777710
4849.960266829 0.158739716 0.017145054 0.987171590 149.733917236 0.033619329 0.999175549 -0.022759607 -8.228203773 -0.986747921 0.036800902 0.158032432 89.719940186
4850.060478926 0.158833668 0.017532343 0.987149775 151.165847778 0.032577395 0.999204814 -0.022988196 -8.294460297 -0.986767769 0.035810065 0.158136219 89.954658508
